0.01 0
0.02 0
0.03 0
0.04 0
0.05 0
0.06 0
0.07 0
0.08 0
0.09 0
0.1 0
0.11 0
0.12 0
0.13 0
0.14 0
0.15 0
0.16 0
0.17 0
0.18 0
0.19 0
0.2 0
0.21 0
0.22 0
0.23 0
0.24 0
0.25 0
0.26 0
0.27 0
0.28 31164
0.29 0
0.3 0
0.31 0
0.32 18228
0.33 74088
0.34 115248
0.35 79380
0.36 120540
0.37 165228
0.38 207564
0.39 254016
0.4 303996
0.41 307524
0.42 328104
0.43 331632
0.44 325164
0.45 321048
0.46 329868
0.47 318696
0.48 314580
0.49 308700
0.5 285180
0.51 256956
0.52 232260
0.53 200508
0.54 162288
0.55 152292
0.56 136416
0.57 105252
0.58 84084
0.59 68208
0.6 55272
0.61 51744
0.62 51156
0.63 45276
0.64 45276
0.65 44688
0.66 43512
0.67 37044
0.68 26460
0.69 14112
0.7 0
0.71 0
0.72 0
0.73 0
0.74 0
0.75 0
0.76 0
0.77 0
0.78 0
0.79 0
0.8 0
0.81 0
0.82 0
0.83 0
0.84 0
0.85 0
0.86 0
0.87 0
0.88 0
0.89 0
0.9 0
0.91 0
0.92 0
0.93 0
0.94 0
0.95 0
0.96 0
0.97 0
0.98 0
0.99 0
1 0
1.01 0
1.02 0
1.03 0
1.04 0
1.05 0
1.06 0
1.07 0
1.08 0
1.09 0
1.1 0
1.11 0
1.12 0
1.13 0
1.14 0
1.15 0
1.16 0
1.17 0
1.18 0
1.19 0
1.2 0
1.21 0
1.22 0
1.23 0
1.24 0
1.25 0
1.26 0
1.27 0
1.28 0
1.29 0
1.3 0
1.31 0
1.32 0
1.33 0
1.34 0
1.35 0
1.36 0
1.37 0
1.38 0
1.39 0
1.4 1176
1.41 0
1.42 0
1.43 0
1.44 0
1.45 0
1.46 0
1.47 0
1.48 0
1.49 0
1.5 0
1.51 0
1.52 0
1.53 0
1.54 0
1.55 0
1.56 0
1.57 0
1.58 0
1.59 0
1.6 0
1.61 0
1.62 0
1.63 0
1.64 0
1.65 0
1.66 0
1.67 0
1.68 0
1.69 0
1.7 0
1.71 0
1.72 0
1.73 0
1.74 0
1.75 0
1.76 0
1.77 0
1.78 0
1.79 0
1.8 0
1.81 0
1.82 0
1.83 0
1.84 0
1.85 0
1.86 1176
1.87 1764
1.88 1764
1.89 3528
1.9 4704
1.91 5880
1.92 6468
1.93 7644
1.94 8232
1.95 8232
1.96 8820
1.97 11172
1.98 11760
1.99 12936
2 14700
2.01 14700
2.02 15288
2.03 17052
2.04 17640
2.05 18816
2.06 20580
2.07 20580
2.08 21756
2.09 23520
2.1 24696
2.11 25284
2.12 27048
2.13 26460
2.14 27048
2.15 29400
2.16 29988
2.17 31164
2.18 32928
2.19 32928
2.2 33516
2.21 35280
2.22 35868
2.23 37044
2.24 38220
2.25 38220
2.26 38220
2.27 39984
2.28 40572
2.29 42336
2.3 43512
2.31 44100
2.32 44100
2.33 45864
2.34 46452
2.35 48216
2.36 48804
2.37 49980
2.38 49980
2.39 51156
2.4 52332
2.41 52920
2.42 54684
2.43 54684
2.44 55860
2.45 56448
2.46 57624
2.47 58212
2.48 59976
2.49 60564
2.5 61152
2.51 61740
2.52 62916
2.53 64680
2.54 65856
2.55 65856
2.56 67032
2.57 67032
2.58 67620
2.59 69384
2.6 69972
2.61 71148
2.62 72912
2.63 72324
2.64 72324
2.65 73500
2.66 74088
2.67 74676
2.68 76440
2.69 77028
2.7 77616
2.71 78204
2.72 78204
2.73 79380
2.74 80556
2.75 80556
2.76 81732
2.77 83496
2.78 82908
2.79 84672
2.8 85848
2.81 85848
2.82 86436
2.83 88200
2.84 88788
2.85 88788
2.86 90552
2.87 90552
2.88 91140
2.89 92316
2.9 92316
2.91 93492
2.92 94668
2.93 94668
2.94 95256
2.95 97020
2.96 97020
2.97 97608
2.98 99372
2.99 99960
3 100548
3.01 101724
3.02 102312
3.03 102900
3.04 104076
3.05 104076
3.06 105840
3.07 106428
3.08 107016
3.09 107604
3.1 108192
3.11 108192
3.12 109956
3.13 110544
3.14 111132
3.15 113484
3.16 112896
3.17 113484
3.18 114660
3.19 114072
3.2 115248
3.21 117012
3.22 117600
3.23 118188
3.24 119952
3.25 119952
3.26 119952
3.27 121128
3.28 122304
3.29 122304
3.3 124656
3.31 124068
3.32 125832
3.33 126420
3.34 125832
3.35 127008
3.36 128772
3.37 129360
3.38 129948
3.39 131124
3.4 131712
3.41 131712
3.42 132888
3.43 133476
3.44 134064
3.45 135828
3.46 135828
3.47 136416
3.48 137592
3.49 137004
3.5 137592
3.51 139356
3.52 138768
3.53 139944
3.54 140532
3.55 141120
3.56 141708
3.57 142884
3.58 142884
3.59 144060
3.6 145824
3.61 145824
3.62 145824
3.63 147000
3.64 147000
3.65 147588
3.66 147588
3.67 148764
3.68 149940
3.69 150528
3.7 150528
3.71 151704
3.72 152292
3.73 153468
3.74 154056
3.75 154644
3.76 155232
3.77 155820
3.78 155820
3.79 152292
3.8 129360
3.81 129360
3.82 129948
3.83 131712
3.84 131124
3.85 129360
3.86 123480
3.87 124068
3.88 124068
3.89 126420
3.9 126420
3.91 127596
3.92 128184
3.93 128184
3.94 128772
3.95 129948
3.96 129948
3.97 131124
3.98 132300
3.99 133476
4 133476
4.01 134652
4.02 134652
4.03 135240
4.04 137004
4.05 137004
4.06 137592
4.07 139944
4.08 139356
4.09 139944
4.1 141708
4.11 141120
4.12 142296
4.13 143472
4.14 143472
4.15 144648
4.16 145236
4.17 145236
4.18 146412
4.19 147000
4.2 148176
4.21 148764
4.22 149940
4.23 150528
4.24 150528
4.25 152292
4.26 152292
4.27 152292
4.28 153468
4.29 154644
4.3 155232
4.31 156408
4.32 156408
4.33 157584
4.34 157584
4.35 157584
4.36 159348
4.37 159936
4.38 160524
4.39 161700
4.4 161700
4.41 162288
4.42 163464
4.43 162876
4.44 162876
4.45 165228
4.46 165228
4.47 165228
4.48 166404
4.49 167580
4.5 168168
4.51 168756
4.52 168168
4.53 169344
4.54 171108
4.55 169344
4.56 169932
4.57 170520
4.58 171108
4.59 171696
4.6 172284
4.61 172284
4.62 173460
4.63 159936
4.64 158760
4.65 159348
4.66 161112
4.67 160524
4.68 161112
4.69 161700
4.7 161700
4.71 162288
4.72 164052
4.73 163464
4.74 164052
4.75 164640
4.76 165228
4.77 165816
4.78 166992
4.79 165816
4.8 157584
4.81 142296
4.82 142296
4.83 142884
4.84 143472
4.85 144648
4.86 144648
4.87 145236
4.88 146412
4.89 146412
4.9 141120
4.91 132888
4.92 133476
4.93 134652
4.94 134652
4.95 135828
4.96 136416
4.97 125244
4.98 126420
4.99 126420
5 126420
5.01 128184
5.02 128184
5.03 128772
5.04 130536
5.05 131124
5.06 131712
5.07 132888
5.08 132300
5.09 133476
5.1 134064
5.11 134064
5.12 135828
5.13 137004
5.14 137004
5.15 137592
5.16 138180
5.17 139356
5.18 139356
5.19 140532
5.2 141120
5.21 141708
5.22 143472
5.23 142884
5.24 142884
5.25 144648
5.26 145236
5.27 145236
5.28 146412
5.29 146412
5.3 147588
5.31 148176
5.32 148176
5.33 148764
5.34 151116
5.35 150528
5.36 151704
5.37 152292
5.38 152292
5.39 152880
5.4 154056
5.41 154056
5.42 155820
5.43 156408
5.44 157584
5.45 157584
5.46 157584
5.47 158760
5.48 159348
5.49 159936
5.5 161700
5.51 161700
5.52 162876
5.53 163464
5.54 164052
5.55 164640
5.56 164640
5.57 165816
5.58 166404
5.59 167580
5.6 168756
5.61 169344
5.62 169344
5.63 170520
5.64 170520
5.65 171108
5.66 172284
5.67 172872
5.68 172872
5.69 174636
5.7 174636
5.71 175224
5.72 176988
5.73 176400
5.74 176988
5.75 178164
5.76 178752
5.77 178752
5.78 180516
5.79 179928
5.8 180516
5.81 182280
5.82 182280
5.83 182280
5.84 183456
5.85 183456
5.86 184044
5.87 178164
5.88 178164
5.89 178752
5.9 179928
5.91 179928
5.92 180516
5.93 179928
5.94 174636
5.95 164052
5.96 165228
5.97 165228
5.98 165816
5.99 166992
6 159348
6.01 138768
6.02 135828
6.03 135828
6.04 137004
6.05 137592
6.06 138180
6.07 138768
6.08 139356
6.09 139944
6.1 140532
6.11 141120
6.12 142296
6.13 142884
6.14 143472
6.15 143472
6.16 145824
6.17 145824
6.18 145824
6.19 147000
6.2 147588
6.21 147588
6.22 149352
6.23 148764
6.24 149940
6.25 152292
6.26 151704
6.27 151704
6.28 152880
6.29 152292
6.3 152880
6.31 153468
6.32 153468
6.33 155820
6.34 156996
6.35 156408
6.36 156996
6.37 158760
6.38 158760
6.39 158760
6.4 159936
6.41 160524
6.42 161700
6.43 162288
6.44 162288
6.45 163464
6.46 164052
6.47 164052
6.48 165228
6.49 166404
6.5 166992
6.51 167580
6.52 168168
6.53 168168
6.54 168756
6.55 169932
6.56 169932
6.57 170520
6.58 171696
6.59 171696
6.6 172284
6.61 172872
6.62 173460
6.63 174048
6.64 175224
6.65 175812
6.66 175224
6.67 174636
6.68 168756
6.69 169344
6.7 169344
6.71 170520
6.72 171696
6.73 172284
6.74 172872
6.75 159348
6.76 148764
6.77 149352
6.78 149940
6.79 149940
6.8 150528
6.81 151704
6.82 152292
6.83 137004
6.84 139356
6.85 139356
6.86 139944
6.87 141120
6.88 139944
6.89 141120
6.9 142296
6.91 142296
6.92 144060
6.93 145236
6.94 145236
6.95 145824
6.96 146412
6.97 146412
6.98 147000
6.99 148764
7 149352
7.01 149352
7.02 146412
7.03 138180
7.04 119952
7.05 121128
7.06 121716
7.07 122304
7.08 124068
7.09 123480
7.1 124656
7.11 125832
7.12 125832
7.13 126420
7.14 127596
7.15 128184
7.16 128772
7.17 129360
7.18 129360
7.19 129948
7.2 131124
7.21 130536
7.22 132300
7.23 134064
7.24 133476
7.25 133476
7.26 134064
7.27 134652
7.28 135828
7.29 137004
7.3 137592
7.31 138768
7.32 134652
7.33 116424
7.34 114660
7.35 113484
7.36 114660
7.37 116424
7.38 116424
7.39 109368
7.4 109956
7.41 109956
7.42 110544
7.43 111720
7.44 112308
7.45 112896
7.46 114072
7.47 114072
7.48 114072
7.49 114072
7.5 99372
7.51 95844
7.52 97020
7.53 97020
7.54 98196
7.55 98784
7.56 98784
7.57 101136
7.58 101724
7.59 102312
7.6 102900
7.61 104664
7.62 104076
7.63 104076
7.64 106428
7.65 106428
7.66 107016
7.67 108192
7.68 108192
7.69 108780
7.7 109956
7.71 110544
7.72 111720
7.73 113484
7.74 113484
7.75 113484
7.76 115248
7.77 115248
7.78 116424
7.79 117600
7.8 117600
7.81 119364
7.82 119952
7.83 120540
7.84 121128
7.85 121716
7.86 121716
7.87 122892
7.88 124068
7.89 124656
7.9 124656
7.91 126420
7.92 127008
7.93 128184
7.94 128184
7.95 128772
7.96 131124
7.97 130536
7.98 131124
7.99 132888
8 132300
8.01 132888
8.02 134652
8.03 135240
8.04 136416
8.05 137004
8.06 137592
8.07 138180
8.08 138768
8.09 139356
8.1 140532
8.11 141708
8.12 142296
8.13 142296
8.14 144060
8.15 144060
8.16 144060
8.17 145236
8.18 145236
8.19 145824
8.2 148176
8.21 147588
8.22 148764
8.23 149940
8.24 149940
8.25 150528
8.26 151116
8.27 151116
8.28 152880
8.29 153468
8.3 153468
8.31 153468
8.32 155820
8.33 155820
8.34 155820
8.35 156996
8.36 157584
8.37 157584
8.38 158760
8.39 158172
8.4 159348
8.41 160524
8.42 160524
8.43 161112
8.44 161700
8.45 162288
8.46 162288
8.47 163464
8.48 164052
8.49 165228
8.5 166404
8.51 164640
8.52 162288
8.53 162288
8.54 162876
8.55 164052
8.56 163464
8.57 164640
8.58 162876
8.59 155820
8.6 155820
8.61 156996
8.62 156408
8.63 156408
8.64 157584
8.65 157584
8.66 158172
8.67 160524
8.68 160524
8.69 161112
8.7 161700
8.71 152880
8.72 141708
8.73 142884
8.74 142884
8.75 144648
8.76 145236
8.77 145236
8.78 145824
8.79 146412
8.8 147588
8.81 148176
8.82 149352
8.83 149940
8.84 150528
8.85 150528
8.86 151116
8.87 151116
8.88 152292
8.89 152292
8.9 152880
8.91 154644
8.92 154644
8.93 154644
8.94 149940
8.95 149940
8.96 150528
8.97 151704
8.98 151116
8.99 150528
9 148764
9.01 118776
9.02 120540
9.03 121716
9.04 121716
9.05 122304
9.06 122304
9.07 123480
9.08 124068
9.09 124656
9.1 125832
9.11 126420
9.12 127596
9.13 127596
9.14 128184
9.15 128772
9.16 129360
9.17 131124
9.18 131712
9.19 132300
9.2 134064
9.21 133476
9.22 134064
9.23 135240
9.24 135828
9.25 136416
9.26 137592
9.27 138180
9.28 138768
9.29 139356
9.3 139944
9.31 139944
9.32 141708
9.33 141708
9.34 142296
9.35 143472
9.36 143472
9.37 144648
9.38 146412
9.39 146412
9.4 147000
9.41 148176
9.42 148176
9.43 148764
9.44 150528
9.45 150528
9.46 151116
9.47 152292
9.48 152292
9.49 152880
9.5 153468
9.51 153468
9.52 154644
9.53 156408
9.54 156408
9.55 156996
9.56 158172
9.57 158760
9.58 158760
9.59 159936
9.6 160524
9.61 161112
9.62 162288
9.63 162288
9.64 163464
9.65 165228
9.66 164640
9.67 165228
9.68 165816
9.69 166404
9.7 167580
9.71 167580
9.72 168168
9.73 169932
9.74 169344
9.75 169344
9.76 170520
9.77 171108
9.78 171696
9.79 173460
9.8 173460
9.81 173460
9.82 175224
9.83 175224
9.84 175812
9.85 176988
9.86 177576
9.87 178164
9.88 179340
9.89 179340
9.9 180516
9.91 181692
9.92 181104
9.93 181692
9.94 183456
9.95 183456
9.96 184044
9.97 185808
9.98 185220
9.99 185808
10 187572
10.01 187572
10.02 187572
10.03 189924
10.04 189336
10.05 189924
10.06 191688
10.07 191100
10.08 191688
10.09 192864
10.1 192276
10.11 193452
10.12 194628
10.13 194628
10.14 195216
10.15 196980
10.16 196980
10.17 197568
10.18 198744
10.19 198156
10.2 198744
10.21 199920
10.22 199332
10.23 199920
10.24 201096
10.25 201096
10.26 201684
10.27 202860
10.28 202272
10.29 203448
10.3 204036
10.31 204036
10.32 205800
10.33 205800
10.34 206388
10.35 207564
10.36 207564
10.37 208152
10.38 209328
10.39 209328
10.4 197568
10.41 199332
10.42 199332
10.43 199920
10.44 201096
10.45 201096
10.46 199332
10.47 192276
10.48 186984
10.49 186984
10.5 188748
10.51 188748
10.52 189336
10.53 189924
10.54 190512
10.55 191100
10.56 192864
10.57 192864
10.58 192864
10.59 195216
10.6 194628
10.61 195216
10.62 195804
10.63 196392
10.64 196392
10.65 198156
10.66 198156
10.67 198156
10.68 199920
10.69 199332
10.7 199332
10.71 200508
10.72 201096
10.73 201684
10.74 203448
10.75 202860
10.76 202860
10.77 205212
10.78 204624
10.79 204624
10.8 205212
10.81 205212
10.82 205800
10.83 207564
10.84 207564
10.85 207564
10.86 209328
10.87 209328
10.88 209916
10.89 210504
10.9 210504
10.91 209916
10.92 205212
10.93 198156
10.94 198744
10.95 198744
10.96 199332
10.97 200508
10.98 200508
10.99 201096
11 202272
11.01 202272
11.02 204036
11.03 204624
11.04 204624
11.05 204624
11.06 206388
11.07 205800
11.08 205800
11.09 206976
11.1 207564
11.11 208152
11.12 209328
11.13 208740
11.14 209328
11.15 210504
11.16 202272
11.17 202272
11.18 204036
11.19 204036
11.2 204624
11.21 205800
11.22 205800
11.23 205212
11.24 201096
11.25 185220
11.26 185220
11.27 186984
11.28 186984
11.29 187572
11.3 188748
11.31 188160
11.32 188160
11.33 189924
11.34 189924
11.35 190512
11.36 191688
11.37 191688
11.38 192276
11.39 193452
11.4 166992
11.41 152292
11.42 153468
11.43 154056
11.44 155820
11.45 156408
11.46 156408
11.47 156996
11.48 157584
11.49 158172
11.5 158172
11.51 159348
11.52 159936
11.53 161112
11.54 161700
11.55 162288
11.56 163464
11.57 163464
11.58 164052
11.59 165228
11.6 165816
11.61 166404
11.62 168168
11.63 168168
11.64 168168
11.65 169344
11.66 169344
11.67 169932
11.68 171108
11.69 171696
11.7 172284
11.71 174048
11.72 172872
11.73 169932
11.74 168756
11.75 168756
11.76 169344
11.77 170520
11.78 170520
11.79 171108
11.8 171696
11.81 157584
11.82 158172
11.83 159348
11.84 158760
11.85 159348
11.86 161112
11.87 161112
11.88 161700
11.89 163464
11.9 144648
11.91 145236
11.92 145824
11.93 145824
11.94 146412
11.95 148176
11.96 148176
11.97 148176
11.98 147588
11.99 147588
12 147588
12.01 148764
12.02 148764
12.03 149940
12.04 151116
12.05 150528
12.06 152292
12.07 152880
12.08 152880
12.09 152880
12.1 153468
12.11 154644
12.12 155232
12.13 155232
12.14 156996
12.15 158760
12.16 158172
12.17 158172
12.18 158760
12.19 153468
12.2 135828
12.21 129948
12.22 131124
12.23 132300
12.24 132888
12.25 132888
12.26 132888
12.27 134064
12.28 133476
12.29 134652
12.3 136416
12.31 137004
12.32 137592
12.33 138768
12.34 138768
12.35 136416
12.36 127008
12.37 127008
12.38 128184
12.39 129360
12.4 127008
12.41 128184
12.42 128772
12.43 128184
12.44 128772
12.45 129948
12.46 130536
12.47 131124
12.48 132888
12.49 132888
12.5 133476
12.51 123480
12.52 115836
12.53 115836
12.54 118188
12.55 117600
12.56 118776
12.57 120540
12.58 105252
12.59 106428
12.6 107604
12.61 107016
12.62 108192
12.63 108780
12.64 108780
12.65 109956
12.66 111720
12.67 112308
12.68 112308
12.69 112896
12.7 112896
12.71 114072
12.72 115248
12.73 116424
12.74 117600
12.75 118188
12.76 118188
12.77 119364
12.78 119364
12.79 119952
12.8 121716
12.81 122892
12.82 123480
12.83 124656
12.84 124068
12.85 124656
12.86 126420
12.87 127008
12.88 128184
12.89 129360
12.9 129948
12.91 129948
12.92 130536
12.93 129948
12.94 131124
12.95 132888
12.96 133476
12.97 134652
12.98 135828
12.99 135828
13 135828
13.01 137004
13.02 137592
13.03 138180
13.04 139944
13.05 139356
13.06 140532
13.07 141708
13.08 141120
13.09 141708
13.1 144060
13.11 144060
13.12 144648
13.13 145236
13.14 145824
13.15 146412
13.16 147000
13.17 147000
13.18 148764
13.19 150528
13.2 149940
13.21 149940
13.22 151704
13.23 151704
13.24 151704
13.25 152292
13.26 153468
13.27 154056
13.28 154644
13.29 155232
13.3 156408
13.31 156408
13.32 157584
13.33 158172
13.34 159348
13.35 159936
13.36 161112
13.37 160524
13.38 161112
13.39 162288
13.4 162876
13.41 162876
13.42 164052
13.43 164640
13.44 166404
13.45 166992
13.46 166992
13.47 167580
13.48 168756
13.49 168756
13.5 168756
13.51 170520
13.52 170520
13.53 171696
13.54 172872
13.55 172284
13.56 173460
13.57 175224
13.58 174636
13.59 175812
13.6 176988
13.61 176988
13.62 176988
13.63 177576
13.64 176988
13.65 176988
13.66 179340
13.67 178752
13.68 179928
13.69 181692
13.7 181692
13.71 182280
13.72 182868
13.73 182868
13.74 184044
13.75 185220
13.76 185220
13.77 186396
13.78 187572
13.79 187572
13.8 187572
13.81 188748
13.82 188160
13.83 189336
13.84 190512
13.85 191100
13.86 191688
13.87 192276
13.88 192864
13.89 192864
13.9 194040
13.91 194628
13.92 195804
13.93 195804
13.94 196980
13.95 198156
13.96 198156
13.97 198156
13.98 168168
13.99 163464
14 164052
14.01 166404
14.02 165816
14.03 166992
14.04 166404
14.05 160524
14.06 161112
14.07 162288
14.08 162288
14.09 163464
14.1 164640
14.11 165228
14.12 165816
14.13 166404
14.14 166992
14.15 167580
14.16 168168
14.17 168168
14.18 169932
14.19 171696
14.2 171696
14.21 171696
14.22 172872
14.23 172872
14.24 172872
14.25 174048
14.26 174636
14.27 174636
14.28 175812
14.29 175812
14.3 176400
14.31 177576
14.32 177576
14.33 178164
14.34 178752
14.35 179928
14.36 181104
14.37 181692
14.38 181692
14.39 182280
14.4 183456
14.41 183456
14.42 183456
14.43 185220
14.44 185220
14.45 185808
14.46 186984
14.47 186396
14.48 186984
14.49 188160
14.5 188748
14.51 188748
14.52 190512
14.53 190512
14.54 192276
14.55 191688
14.56 192864
14.57 193452
14.58 192276
14.59 193452
14.6 194628
14.61 195216
14.62 189336
14.63 178164
14.64 178164
14.65 179340
14.66 179928
14.67 179340
14.68 174048
14.69 174636
14.7 175224
14.71 174636
14.72 175812
14.73 175812
14.74 175224
14.75 162288
14.76 141120
14.77 141708
14.78 142884
14.79 142884
14.8 144648
14.81 145236
14.82 145236
14.83 144648
14.84 145236
14.85 145236
14.86 145824
14.87 147588
14.88 147588
14.89 132888
14.9 117012
14.91 114072
14.92 114072
14.93 115248
14.94 115248
14.95 116424
14.96 114660
14.97 103488
14.98 105252
14.99 106428
15 106428
15.01 106428
15.02 107604
15.03 107604
15.04 108780
15.05 110544
15.06 111132
15.07 111720
15.08 112308
15.09 112896
15.1 113484
15.11 114660
15.12 115248
15.13 117600
15.14 117012
15.15 118188
15.16 118776
15.17 119364
15.18 119364
15.19 121128
15.2 121128
15.21 122304
15.22 124068
15.23 124068
15.24 124656
15.25 125832
15.26 125832
15.27 127008
15.28 128772
15.29 128184
15.3 129948
15.31 130536
15.32 131124
15.33 131124
15.34 132888
15.35 132888
15.36 134064
15.37 135828
15.38 135828
15.39 136416
15.4 137004
15.41 136416
15.42 137004
15.43 137592
15.44 138180
15.45 139356
15.46 140532
15.47 141120
15.48 141708
15.49 142884
15.5 142884
15.51 142884
15.52 144648
15.53 145236
15.54 145824
15.55 147588
15.56 147588
15.57 148176
15.58 148764
15.59 148176
15.6 149352
15.61 150528
15.62 150528
15.63 151704
15.64 154056
15.65 153468
15.66 154056
15.67 154056
15.68 154644
15.69 155232
15.7 155820
15.71 156408
15.72 158172
15.73 158760
15.74 158760
15.75 159936
15.76 160524
15.77 160524
15.78 161700
15.79 161700
15.8 162288
15.81 164052
15.82 163464
15.83 164052
15.84 165228
15.85 165228
15.86 166404
15.87 167580
15.88 166404
15.89 168168
15.9 168756
15.91 169344
15.92 169344
15.93 169932
15.94 170520
15.95 170520
15.96 171696
15.97 172284
15.98 172872
15.99 174048
16 174048
16.01 174636
16.02 173460
16.03 165816
16.04 158172
16.05 159348
16.06 159936
16.07 156408
16.08 158172
16.09 157584
16.1 145236
16.11 138180
16.12 138180
16.13 138768
16.14 140532
16.15 139944
16.16 140532
16.17 141708
16.18 142296
16.19 142884
16.2 144648
16.21 144648
16.22 145824
16.23 146412
16.24 146412
16.25 146412
16.26 148176
16.27 148176
16.28 149352
16.29 149940
16.3 151116
16.31 151704
16.32 152292
16.33 152292
16.34 154056
16.35 154056
16.36 155232
16.37 155820
16.38 156996
16.39 157584
16.4 158760
16.41 158172
16.42 159348
16.43 160524
16.44 161112
16.45 161112
16.46 162288
16.47 162876
16.48 163464
16.49 164052
16.5 164640
16.51 165228
16.52 166992
16.53 166992
16.54 166992
16.55 168168
16.56 168168
16.57 168756
16.58 169932
16.59 169932
16.6 170520
16.61 172284
16.62 171696
16.63 172284
16.64 172872
16.65 173460
16.66 173460
16.67 175224
16.68 175812
16.69 175812
16.7 176988
16.71 176400
16.72 176400
16.73 176988
16.74 177576
16.75 178164
16.76 180516
16.77 179928
16.78 179928
16.79 181104
16.8 180516
16.81 181104
16.82 182280
16.83 181692
16.84 178164
16.85 179340
16.86 179340
16.87 174636
16.88 162288
16.89 160524
16.9 161112
16.91 159936
16.92 156408
16.93 157584
16.94 157584
16.95 158172
16.96 159348
16.97 159936
16.98 160524
16.99 156408
17 157584
17.01 158172
17.02 159348
17.03 158760
17.04 159936
17.05 144060
17.06 130536
17.07 131124
17.08 133476
17.09 133476
17.1 134064
17.11 134652
17.12 134652
17.13 135828
17.14 137004
17.15 136416
17.16 138180
17.17 139356
17.18 139356
17.19 139356
17.2 140532
17.21 141120
17.22 141708
17.23 142296
17.24 142884
17.25 144060
17.26 144648
17.27 144648
17.28 145824
17.29 147588
17.3 147000
17.31 147588
17.32 148176
17.33 149352
17.34 149940
17.35 151116
17.36 151116
17.37 152292
17.38 153468
17.39 153468
17.4 153468
17.41 155232
17.42 154644
17.43 155232
17.44 156996
17.45 157584
17.46 158172
17.47 158760
17.48 159348
17.49 160524
17.5 160524
17.51 160524
17.52 162288
17.53 162876
17.54 164052
17.55 164640
17.56 165228
17.57 165228
17.58 166992
17.59 166404
17.6 166992
17.61 167580
17.62 168168
17.63 168756
17.64 170520
17.65 169932
17.66 171108
17.67 172872
17.68 172284
17.69 172284
17.7 174048
17.71 174048
17.72 174636
17.73 175812
17.74 175224
17.75 176988
17.76 178164
17.77 177576
17.78 178164
17.79 179340
17.8 179340
17.81 179928
17.82 181692
17.83 181692
17.84 183456
17.85 184044
17.86 183456
17.87 184632
17.88 185808
17.89 185808
17.9 185808
17.91 186984
17.92 186396
17.93 187572
17.94 188748
17.95 188748
17.96 189336
17.97 191100
17.98 191688
17.99 192276
18 192864
18.01 192276
18.02 193452
18.03 194040
18.04 193452
18.05 194040
18.06 195804
18.07 196392
18.08 196980
18.09 197568
18.1 197568
18.11 198744
18.12 198744
18.13 199332
18.14 200508
18.15 200508
18.16 201096
18.17 202272
18.18 202272
18.19 202860
18.2 203448
18.21 198744
18.22 186396
18.23 187572
18.24 187572
18.25 188160
18.26 189336
18.27 189336
18.28 189924
18.29 191688
18.3 178164
18.31 178164
18.32 179340
18.33 179340
18.34 180516
18.35 181104
18.36 167580
18.37 152880
18.38 142296
18.39 142884
18.4 142884
18.41 144060
18.42 144648
18.43 140532
18.44 141708
18.45 141708
18.46 142884
18.47 144060
18.48 144648
18.49 144648
18.5 146412
18.51 146412
18.52 147000
18.53 148176
18.54 148764
18.55 149352
18.56 150528
18.57 150528
18.58 151704
18.59 152880
18.6 152880
18.61 152880
18.62 154644
18.63 154644
18.64 155232
18.65 156408
18.66 156408
18.67 157584
18.68 158760
18.69 158760
18.7 159348
18.71 160524
18.72 160524
18.73 161700
18.74 161112
18.75 161700
18.76 163464
18.77 163464
18.78 164052
18.79 165816
18.8 165816
18.81 166404
18.82 166992
18.83 166992
18.84 168168
18.85 169344
18.86 169344
18.87 169932
18.88 171108
18.89 171696
18.9 171696
18.91 172872
18.92 172284
18.93 173460
18.94 174048
18.95 174048
18.96 175224
18.97 176400
18.98 176988
18.99 176988
19 178164
19.01 178164
19.02 178752
19.03 179340
19.04 178752
19.05 179340
19.06 181104
19.07 181104
19.08 181692
19.09 182868
19.1 182868
19.11 182868
19.12 178164
19.13 172284
19.14 173460
19.15 175224
19.16 174636
19.17 175812
19.18 176400
19.19 176400
19.2 164052
19.21 165228
19.22 165228
19.23 166404
19.24 167580
19.25 167580
19.26 168168
19.27 144060
19.28 142296
19.29 142884
19.3 142884
19.31 144060
19.32 144648
19.33 144648
19.34 144648
19.35 146412
19.36 147588
19.37 148176
19.38 148764
19.39 149352
19.4 149352
19.41 149940
19.42 148764
19.43 149940
19.44 151704
19.45 151704
19.46 151704
19.47 152880
19.48 152292
19.49 124068
19.5 120540
19.51 121128
19.52 122892
19.53 124068
19.54 123480
19.55 123480
19.56 111132
19.57 111720
19.58 112896
19.59 114072
19.6 114660
19.61 115248
19.62 116424
19.63 115836
19.64 117012
19.65 118188
19.66 118776
19.67 119364
19.68 121128
19.69 121716
19.7 121716
19.71 122892
19.72 122892
19.73 124068
19.74 125244
19.75 125832
19.76 126420
19.77 128184
19.78 127596
19.79 128772
19.8 129948
19.81 130536
19.82 130536
19.83 131712
19.84 132300
19.85 132888
19.86 134064
19.87 134064
19.88 134652
19.89 135828
19.9 136416
19.91 137004
19.92 137592
19.93 137592
19.94 139944
19.95 139944
19.96 140532
19.97 142296
19.98 142296
19.99 142884
20 144060
20.01 143472
20.02 144060
20.03 145236
20.04 144648
20.05 145824
20.06 147000
20.07 147000
20.08 148176
20.09 149352
20.1 149352
20.11 150528
20.12 150528
20.13 150528
20.14 151116
20.15 152292
20.16 152880
20.17 153468
20.18 154056
20.19 155232
20.2 155232
20.21 156408
20.22 156408
20.23 156996
20.24 158172
20.25 158760
20.26 157584
20.27 159348
20.28 142296
20.29 142884
20.3 144060
20.31 144060
20.32 144648
20.33 145236
20.34 131712
20.35 128772
20.36 130536
20.37 130536
20.38 130536
20.39 132300
20.4 132300
20.41 132888
20.42 134064
20.43 134652
20.44 135828
20.45 137004
20.46 136416
20.47 137004
20.48 137592
20.49 138768
20.5 138768
20.51 141120
20.52 141708
20.53 142884
20.54 142296
20.55 142296
20.56 143472
20.57 144060
20.58 144060
20.59 147000
20.6 148176
20.61 148176
20.62 148764
20.63 148176
20.64 148764
20.65 150528
20.66 149940
20.67 151116
20.68 152292
20.69 152880
20.7 153468
20.71 154056
20.72 153468
20.73 155232
20.74 155820
20.75 156408
20.76 156996
20.77 157584
20.78 158760
20.79 158760
20.8 159348
20.81 160524
20.82 160524
20.83 161700
20.84 162288
20.85 162288
20.86 162876
20.87 163464
20.88 163464
20.89 165816
20.9 165228
20.91 166404
20.92 167580
20.93 167580
20.94 167580
20.95 168756
20.96 168756
20.97 169932
20.98 171108
20.99 165228
21 159348
21.01 161112
21.02 161112
21.03 161700
21.04 162876
21.05 162288
21.06 163464
21.07 165228
21.08 165228
21.09 166404
21.1 166404
21.11 166992
21.12 166992
21.13 167580
21.14 168756
21.15 170520
21.16 169932
21.17 170520
21.18 171696
21.19 171696
21.2 172284
21.21 166992
21.22 164640
21.23 165816
21.24 166992
21.25 166992
21.26 167580
21.27 166992
21.28 140532
21.29 132300
21.3 133476
21.31 133476
21.32 134652
21.33 135240
21.34 135828
21.35 136416
21.36 137592
21.37 138180
21.38 138768
21.39 139944
21.4 140532
21.41 141120
21.42 142296
21.43 142296
21.44 142884
21.45 145236
21.46 144648
21.47 144648
21.48 146412
21.49 146412
21.5 146412
21.51 147588
21.52 147588
21.53 149352
21.54 150528
21.55 150528
21.56 151704
21.57 152880
21.58 152292
21.59 152880
21.6 153468
21.61 154644
21.62 155232
21.63 156408
21.64 157584
21.65 157584
21.66 158172
21.67 157584
21.68 157584
21.69 159348
21.7 159348
21.71 159936
21.72 162288
21.73 162876
21.74 164052
21.75 163464
21.76 163464
21.77 164640
21.78 164640
21.79 165228
21.8 166992
21.81 166992
21.82 167580
21.83 168756
21.84 169344
21.85 169932
21.86 171108
21.87 171108
21.88 172284
21.89 173460
21.9 173460
21.91 173460
21.92 175812
21.93 175224
21.94 176400
21.95 176988
21.96 176988
21.97 177576
21.98 178164
21.99 177576
22 178164
22.01 179928
22.02 179928
22.03 181104
22.04 181692
22.05 182280
22.06 182280
22.07 179340
22.08 178752
22.09 179340
22.1 180516
22.11 181104
22.12 181692
22.13 182280
22.14 175812
22.15 159936
22.16 161112
22.17 160524
22.18 161700
22.19 162288
22.2 162288
22.21 163464
22.22 164640
22.23 164640
22.24 165816
22.25 166404
22.26 166992
22.27 166992
22.28 167580
22.29 168168
22.3 168756
22.31 168756
22.32 169932
22.33 170520
22.34 171108
22.35 171108
22.36 162288
22.37 159936
22.38 161112
22.39 161700
22.4 161700
22.41 162288
22.42 163464
22.43 157584
22.44 156996
22.45 158172
22.46 159348
22.47 159348
22.48 159936
22.49 159348
22.5 159936
22.51 160524
22.52 161112
22.53 161112
22.54 163464
22.55 164052
22.56 164640
22.57 165228
22.58 164640
22.59 164640
22.6 166992
22.61 166404
22.62 166992
22.63 168756
22.64 169344
22.65 169344
22.66 170520
22.67 169932
22.68 171108
22.69 172872
22.7 172284
22.71 173460
22.72 175224
22.73 174636
22.74 175224
22.75 176400
22.76 175812
22.77 176988
22.78 178164
22.79 177576
22.8 178752
22.81 180516
22.82 180516
22.83 181692
22.84 182280
22.85 182868
22.86 182868
22.87 184044
22.88 184632
22.89 185220
22.9 185808
22.91 186396
22.92 186984
22.93 187572
22.94 188748
22.95 188748
22.96 188160
22.97 189336
22.98 191100
22.99 190512
23 191100
23.01 192276
23.02 192864
23.03 193452
23.04 194628
23.05 181104
23.06 181692
23.07 183456
23.08 182868
23.09 183456
23.1 184632
23.11 185808
23.12 163464
23.13 136416
23.14 137004
23.15 137592
23.16 138768
23.17 138768
23.18 139356
23.19 140532
23.2 141120
23.21 142296
23.22 143472
23.23 143472
23.24 144060
23.25 144648
23.26 144648
23.27 145824
23.28 147000
23.29 147588
23.3 148764
23.31 150528
23.32 149940
23.33 149940
23.34 150528
23.35 151116
23.36 151704
23.37 153468
23.38 154056
23.39 155232
23.4 156408
23.41 155820
23.42 155820
23.43 156408
23.44 156996
23.45 158172
23.46 159348
23.47 159348
23.48 160524
23.49 161700
23.5 161700
23.51 161700
23.52 162876
23.53 164052
23.54 165228
23.55 165228
23.56 165816
23.57 166992
23.58 166992
23.59 166992
23.6 168756
23.61 168168
23.62 169344
23.63 170520
23.64 169932
23.65 170520
23.66 172284
23.67 171696
23.68 171696
23.69 173460
23.7 172284
23.71 172872
23.72 174048
23.73 173460
23.74 173460
23.75 175224
23.76 175224
23.77 175812
23.78 177576
23.79 176400
23.8 177576
23.81 177576
23.82 142296
23.83 142884
23.84 144648
23.85 144648
23.86 145824
23.87 138180
23.88 138180
23.89 134652
23.9 135240
23.91 121716
23.92 122892
23.93 124068
23.94 125244
23.95 121716
23.96 122892
23.97 122892
23.98 110544
23.99 111720
24 112308
24.01 112896
24.02 114660
24.03 114660
24.04 115248
24.05 116424
24.06 116424
24.07 118188
24.08 118776
24.09 119364
24.1 119952
24.11 120540
24.12 121128
24.13 121716
24.14 122892
24.15 122892
24.16 124068
24.17 124656
24.18 125244
24.19 126420
24.2 125832
24.21 127008
24.22 128184
24.23 128184
24.24 129360
24.25 131124
24.26 131124
24.27 131712
24.28 132888
24.29 127008
24.3 118188
24.31 118776
24.32 104664
24.33 105840
24.34 106428
24.35 106428
24.36 107016
24.37 107604
24.38 107604
24.39 106428
24.4 107604
24.41 108192
24.42 108780
24.43 110544
24.44 109956
24.45 110544
24.46 112308
24.47 112308
24.48 113484
24.49 114660
24.5 114660
24.51 115836
24.52 117012
24.53 117012
24.54 117600
24.55 119364
24.56 118188
24.57 118776
24.58 120540
24.59 120540
24.6 121716
24.61 122892
24.62 122892
24.63 124068
24.64 121716
24.65 121716
24.66 122892
24.67 124068
24.68 124656
24.69 124656
24.7 125244
24.71 101724
24.72 102900
24.73 103488
24.74 104076
24.75 105252
24.76 105840
24.77 106428
24.78 107604
24.79 107016
24.8 107604
24.81 108780
24.82 108780
24.83 110544
24.84 111720
24.85 112308
24.86 112896
24.87 114072
24.88 114072
24.89 114660
24.9 117012
24.91 116424
24.92 117012
24.93 118776
24.94 118188
24.95 119364
24.96 120540
24.97 121128
24.98 121716
24.99 122892
25 123480
25.01 124068
25.02 125244
25.03 125244
25.04 125832
25.05 128184
25.06 127596
25.07 128184
25.08 129360
25.09 129360
25.1 130536
25.11 131712
25.12 131712
25.13 132888
25.14 134652
25.15 134652
25.16 135240
25.17 136416
25.18 136416
25.19 137004
25.2 138768
25.21 138768
25.22 139944
25.23 141120
25.24 141120
25.25 141708
25.26 143472
25.27 143472
25.28 144060
25.29 144648
25.3 145824
25.31 146412
25.32 147000
25.33 147000
25.34 149352
25.35 149352
25.36 149940
25.37 151116
25.38 151704
25.39 152292
25.4 153468
25.41 153468
25.42 154056
25.43 154644
25.44 155820
25.45 155820
25.46 156408
25.47 156996
25.48 157584
25.49 158172
25.5 158172
25.51 158172
25.52 159348
25.53 160524
25.54 160524
25.55 161700
25.56 162288
25.57 162288
25.58 163464
25.59 164052
25.6 164052
25.61 166404
25.62 165816
25.63 166404
25.64 167580
25.65 167580
25.66 167580
25.67 169344
25.68 169932
25.69 170520
25.7 172284
25.71 171696
25.72 172284
25.73 174048
25.74 173460
25.75 174048
25.76 175812
25.77 175224
25.78 175812
25.79 176988
25.8 176988
25.81 177576
25.82 178752
25.83 178752
25.84 179340
25.85 181104
25.86 180516
25.87 181104
25.88 182280
25.89 182280
25.9 183456
25.91 183456
25.92 184044
25.93 185808
25.94 186396
25.95 186984
25.96 188160
25.97 188160
25.98 184044
25.99 165816
26 165816
26.01 165816
26.02 168168
26.03 167580
26.04 168168
26.05 168756
26.06 155232
26.07 155232
26.08 156408
26.09 155820
26.1 156408
26.11 158172
26.12 158172
26.13 158760
26.14 159348
26.15 159936
26.16 160524
26.17 162288
26.18 162288
26.19 163464
26.2 164052
26.21 164052
26.22 163464
26.23 155232
26.24 155232
26.25 156408
26.26 156996
26.27 155820
26.28 156408
26.29 156996
26.3 147000
26.31 148176
26.32 149352
26.33 148764
26.34 149352
26.35 151116
26.36 151116
26.37 151704
26.38 152880
26.39 153468
26.4 154056
26.41 155232
26.42 155232
26.43 156408
26.44 157584
26.45 157584
26.46 158172
26.47 159936
26.48 159936
26.49 160524
26.5 161112
26.51 161112
26.52 162288
26.53 162876
26.54 163464
26.55 165228
26.56 165228
26.57 165816
26.58 166992
26.59 166992
26.6 166992
26.61 168168
26.62 168756
26.63 169344
26.64 171108
26.65 171108
26.66 171696
26.67 162288
26.68 147588
26.69 148176
26.7 149352
26.71 149940
26.72 150528
26.73 152292
26.74 151704
26.75 152880
26.76 154056
26.77 154056
26.78 154644
26.79 156408
26.8 156408
26.81 156996
26.82 158172
26.83 158760
26.84 158760
26.85 159936
26.86 159936
26.87 161112
26.88 162288
26.89 161700
26.9 162876
26.91 165228
26.92 164640
26.93 165228
26.94 166404
26.95 166404
26.96 167580
26.97 168168
26.98 168168
26.99 169344
27 170520
27.01 169932
27.02 169932
27.03 170520
27.04 171108
27.05 171108
27.06 172284
27.07 171696
27.08 173460
27.09 173460
27.1 173460
27.11 174048
27.12 174636
27.13 175812
27.14 166404
27.15 162876
27.16 163464
27.17 163464
27.18 148764
27.19 144060
27.2 134652
27.21 134652
27.22 117600
27.23 118776
27.24 118776
27.25 117600
27.26 103488
27.27 92316
27.28 94080
27.29 95256
27.3 95256
27.31 95844
27.32 97608
27.33 90552
27.34 90552
27.35 92316
27.36 92904
27.37 93492
27.38 94668
27.39 94668
27.4 96432
27.41 97020
27.42 97608
27.43 98784
27.44 99960
27.45 99960
27.46 100548
27.47 102900
27.48 102312
27.49 102900
27.5 104664
27.51 104664
27.52 104664
27.53 105840
27.54 105840
27.55 106428
27.56 108192
27.57 108192
27.58 109956
27.59 110544
27.6 110544
27.61 111132
27.62 108780
27.63 109368
27.64 109956
27.65 111720
27.66 111132
27.67 111720
27.68 114072
27.69 108192
27.7 108780
27.71 109368
27.72 110544
27.73 111132
27.74 111720
27.75 112308
27.76 114072
27.77 113484
27.78 114072
27.79 115248
27.8 115836
27.81 117012
27.82 117600
27.83 117600
27.84 118776
27.85 119952
27.86 119364
27.87 119952
27.88 121128
27.89 122304
27.9 122304
27.91 123480
27.92 124068
27.93 125244
27.94 125832
27.95 125832
27.96 127008
27.97 128184
27.98 128184
27.99 128772
28 130536
28.01 130536
28.02 131124
28.03 131712
28.04 132300
28.05 132888
28.06 134652
28.07 134652
28.08 135828
28.09 137004
28.1 136416
28.11 136416
28.12 138180
28.13 138180
28.14 138768
28.15 140532
28.16 140532
28.17 141708
28.18 142884
28.19 142296
28.2 143472
28.21 144648
28.22 145236
28.23 145824
28.24 147000
28.25 147588
28.26 147588
28.27 148764
28.28 148764
28.29 149352
28.3 150528
28.31 151116
28.32 151704
28.33 152880
28.34 153468
28.35 154644
28.36 154056
28.37 154644
28.38 155820
28.39 155820
28.4 155820
28.41 157584
28.42 157584
28.43 154056
28.44 141120
28.45 141708
28.46 142296
28.47 143472
28.48 142884
28.49 144060
28.5 144648
28.51 144648
28.52 145824
28.53 147000
28.54 147588
28.55 138180
28.56 121716
28.57 122304
28.58 122892
28.59 123480
28.6 124068
28.61 125244
28.62 127008
28.63 127008
28.64 127596
28.65 128772
28.66 128772
28.67 129360
28.68 129948
28.69 129948
28.7 131124
28.71 132300
28.72 132300
28.73 133476
28.74 134652
28.75 134064
28.76 134652
28.77 135240
28.78 135828
28.79 136416
28.8 137592
28.81 137004
28.82 138768
28.83 140532
28.84 139944
28.85 140532
28.86 142884
28.87 142296
28.88 142884
28.89 144060
28.9 144648
28.91 145824
28.92 145236
28.93 145824
28.94 147000
28.95 147000
28.96 147588
28.97 149352
28.98 149352
28.99 149940
29 151704
29.01 151704
29.02 152292
29.03 152880
29.04 152880
29.05 154056
29.06 155232
29.07 145824
29.08 112896
29.09 111720
29.1 112308
29.11 112896
29.12 114072
29.13 114660
29.14 115248
29.15 117012
29.16 117012
29.17 118188
29.18 119364
29.19 119364
29.2 119952
29.21 121716
29.22 122304
29.23 122892
29.24 124656
29.25 124656
29.26 124656
29.27 125244
29.28 125244
29.29 125832
29.3 127596
29.31 127596
29.32 128772
29.33 130536
29.34 129948
29.35 130536
29.36 132300
29.37 132300
29.38 133476
29.39 134652
29.4 135240
29.41 135828
29.42 137004
29.43 136416
29.44 137592
29.45 139356
29.46 139356
29.47 140532
29.48 141708
29.49 141708
29.5 141708
29.51 142296
29.52 143472
29.53 144648
29.54 144648
29.55 145824
29.56 147000
29.57 146412
29.58 146412
29.59 147000
29.6 147588
29.61 148764
29.62 149352
29.63 149352
29.64 149352
29.65 150528
29.66 150528
29.67 150528
29.68 151704
29.69 144648
29.7 134064
29.71 135240
29.72 121716
29.73 117012
29.74 118188
29.75 118188
29.76 118776
29.77 120540
29.78 120540
29.79 113484
29.8 114660
29.81 114072
29.82 115248
29.83 117012
29.84 117012
29.85 118188
29.86 119364
29.87 119364
29.88 119952
29.89 120540
29.9 120540
29.91 121128
29.92 122892
29.93 122892
29.94 124068
29.95 124656
29.96 124656
29.97 124656
29.98 126420
29.99 125832
30 127008
30.01 127596
30.02 128772
30.03 129360
30.04 130536
30.05 130536
30.06 131712
30.07 132888
30.08 132888
30.09 129360
30.1 108780
30.11 109368
30.12 109956
30.13 110544
30.14 111720
30.15 112896
30.16 113484
30.17 114660
30.18 115248
30.19 115836
30.2 116424
30.21 118188
30.22 118188
30.23 119364
30.24 120540
30.25 120540
30.26 121128
30.27 121716
30.28 121716
30.29 122304
30.3 123480
30.31 124068
30.32 125244
30.33 125832
30.34 126420
30.35 126420
30.36 128184
30.37 128184
30.38 129360
30.39 130536
30.4 129948
30.41 131124
30.42 132300
30.43 131712
30.44 132888
30.45 134064
30.46 134652
30.47 135240
30.48 135828
30.49 129948
30.5 128184
30.51 129360
30.52 129948
30.53 129948
30.54 131712
30.55 113484
30.56 97020
30.57 98196
30.58 98196
30.59 99372
30.6 100548
30.61 100548
30.62 101724
30.63 102900
30.64 102900
30.65 104076
30.66 105252
30.67 105840
30.68 105840
30.69 107016
30.7 107016
30.71 107016
30.72 108780
30.73 109956
30.74 110544
30.75 111132
30.76 112308
30.77 109956
30.78 109368
30.79 111132
30.8 112308
30.81 112896
30.82 113484
30.83 115248
30.84 104076
30.85 104076
30.86 105252
30.87 105840
30.88 107016
30.89 108192
30.9 108192
30.91 109956
30.92 110544
30.93 110544
30.94 111132
30.95 112896
30.96 112896
30.97 113484
30.98 115248
30.99 115836
31 115836
31.01 117012
31.02 117600
31.03 118188
31.04 118776
31.05 119364
31.06 120540
31.07 121716
31.08 121716
31.09 121716
31.1 123480
31.11 123480
31.12 123480
31.13 125244
31.14 125832
31.15 125832
31.16 126420
31.17 127008
31.18 128184
31.19 129360
31.2 129360
31.21 129360
31.22 131712
31.23 131124
31.24 131712
31.25 132888
31.26 133476
31.27 134064
31.28 135828
31.29 136416
31.3 137004
31.31 137004
31.32 137592
31.33 138180
31.34 138768
31.35 139356
31.36 140532
31.37 141120
31.38 141708
31.39 142884
31.4 142884
31.41 143472
31.42 144648
31.43 145236
31.44 145824
31.45 147588
31.46 147588
31.47 148176
31.48 149352
31.49 149352
31.5 149940
31.51 151704
31.52 151704
31.53 152292
31.54 154056
31.55 154056
31.56 154644
31.57 155820
31.58 155820
31.59 156996
31.6 158172
31.61 157584
31.62 158172
31.63 159348
31.64 159348
31.65 159348
31.66 160524
31.67 161112
31.68 162288
31.69 162876
31.7 162876
31.71 164052
31.72 165816
31.73 165228
31.74 165816
31.75 167580
31.76 168168
31.77 168168
31.78 169344
31.79 169932
31.8 170520
31.81 171696
31.82 171696
31.83 171696
31.84 173460
31.85 173460
31.86 174048
31.87 175224
31.88 175812
31.89 176400
31.9 176400
31.91 176988
31.92 177576
31.93 178752
31.94 178752
31.95 179928
31.96 179340
31.97 180516
31.98 181692
31.99 182280
32 173460
32.01 162876
32.02 163464
32.03 163464
32.04 164640
32.05 164640
32.06 165816
32.07 166404
32.08 166992
32.09 167580
32.1 169344
32.11 168756
32.12 169344
32.13 169932
32.14 169932
32.15 169932
32.16 171108
32.17 171108
32.18 172284
32.19 173460
32.2 172872
32.21 174048
32.22 174636
32.23 175224
32.24 175812
32.25 176988
32.26 176988
32.27 178752
32.28 179340
32.29 179340
32.3 179928
32.31 181104
32.32 180516
32.33 181104
32.34 182868
32.35 182280
32.36 183456
32.37 184044
32.38 184632
32.39 184632
32.4 185808
32.41 175224
32.42 175812
32.43 177576
32.44 177576
32.45 178164
32.46 178752
32.47 178752
32.48 179340
32.49 158172
32.5 158172
32.51 159348
32.52 159936
32.53 160524
32.54 161112
32.55 161112
32.56 162288
32.57 163464
32.58 137004
32.59 137592
32.6 138768
32.61 138180
32.62 139356
32.63 139944
32.64 139944
32.65 139944
32.66 141120
32.67 142296
32.68 142884
32.69 143472
32.7 144060
32.71 144648
32.72 145824
32.73 145824
32.74 142296
32.75 143472
32.76 143472
32.77 144060
32.78 145236
32.79 145236
32.8 145824
32.81 135240
32.82 135828
32.83 136416
32.84 137592
32.85 137592
32.86 137592
32.87 138768
32.88 139356
32.89 139944
32.9 142296
32.91 142884
32.92 142884
32.93 144060
32.94 143472
32.95 144648
32.96 145824
32.97 145824
32.98 147000
32.99 148764
33 148176
33.01 148764
33.02 149352
33.03 149940
33.04 150528
33.05 152292
33.06 152880
33.07 153468
33.08 154644
33.09 154644
33.1 154644
33.11 154644
33.12 155820
33.13 156996
33.14 158172
33.15 158760
33.16 159936
33.17 159936
33.18 159936
33.19 161112
33.2 161700
33.21 162288
33.22 164052
33.23 163464
33.24 164052
33.25 165228
33.26 165228
33.27 165816
33.28 166992
33.29 167580
33.3 167580
33.31 168756
33.32 168168
33.33 168168
33.34 170520
33.35 170520
33.36 170520
33.37 172284
33.38 172872
33.39 173460
33.4 174636
33.41 168756
33.42 156408
33.43 157584
33.44 157584
33.45 158760
33.46 160524
33.47 161112
33.48 161112
33.49 140532
33.5 140532
33.51 141120
33.52 142296
33.53 142296
33.54 144060
33.55 145236
33.56 145236
33.57 145236
33.58 147000
33.59 147000
33.6 147588
33.61 149352
33.62 149940
33.63 150528
33.64 151704
33.65 151116
33.66 152292
33.67 153468
33.68 153468
33.69 154644
33.7 155820
33.71 156408
33.72 156996
33.73 156996
33.74 157584
33.75 158760
33.76 158760
33.77 159348
33.78 161112
33.79 160524
33.8 161700
33.81 162288
33.82 161700
33.83 162288
33.84 163464
33.85 163464
33.86 164640
33.87 166404
33.88 165816
33.89 166404
33.9 168168
33.91 168168
33.92 168756
33.93 169932
33.94 169932
33.95 171696
33.96 172284
33.97 172284
33.98 172872
33.99 174048
34 173460
34.01 174048
34.02 175224
34.03 175812
34.04 176988
34.05 177576
34.06 178164
34.07 178164
34.08 179340
34.09 178752
34.1 179340
34.11 180516
34.12 181104
34.13 181692
34.14 182868
34.15 182868
34.16 164640
34.17 156996
34.18 145236
34.19 146412
34.2 147588
34.21 147588
34.22 148176
34.23 149352
34.24 149940
34.25 150528
34.26 151704
34.27 152292
34.28 152880
34.29 154056
34.3 154056
34.31 154644
34.32 155820
34.33 155820
34.34 156996
34.35 158172
34.36 158760
34.37 159936
34.38 159936
34.39 160524
34.4 162288
34.41 161700
34.42 162288
34.43 164640
34.44 164052
34.45 164640
34.46 165228
34.47 164640
34.48 165816
34.49 166992
34.5 166992
34.51 167580
34.52 169344
34.53 169932
34.54 169932
34.55 170520
34.56 169932
34.57 170520
34.58 171696
34.59 172284
34.6 173460
34.61 174048
34.62 175224
34.63 175224
34.64 176400
34.65 175812
34.66 176988
34.67 178752
34.68 178752
34.69 179340
34.7 179928
34.71 176400
34.72 165228
34.73 150528
34.74 149940
34.75 150528
34.76 151704
34.77 152292
34.78 152292
34.79 152880
34.8 145236
34.81 142884
34.82 144060
34.83 144060
34.84 144648
34.85 146412
34.86 144060
34.87 122304
34.88 123480
34.89 124068
34.9 124656
34.91 125244
34.92 125832
34.93 127008
34.94 127596
34.95 128772
34.96 130536
34.97 129948
34.98 130536
34.99 131712
35 131712
35.01 132888
35.02 134064
35.03 134652
35.04 135828
35.05 136416
35.06 136416
35.07 137592
35.08 138180
35.09 139356
35.1 139944
35.11 141708
35.12 141708
35.13 142296
35.14 143472
35.15 143472
35.16 144060
35.17 145236
35.18 145236
35.19 146412
35.2 147588
35.21 147588
35.22 148176
35.23 149940
35.24 149940
35.25 150528
35.26 151704
35.27 152292
35.28 152880
35.29 154056
35.3 154056
35.31 155232
35.32 156408
35.33 155820
35.34 156408
35.35 156996
35.36 157584
35.37 158172
35.38 158760
35.39 159348
35.4 159936
35.41 161112
35.42 160524
35.43 153468
35.44 155232
35.45 155232
35.46 155820
35.47 157584
35.48 156996
35.49 136416
35.5 129948
35.51 111132
35.52 111720
35.53 112896
35.54 113484
35.55 114660
35.56 114660
35.57 108780
35.58 102900
35.59 102900
35.6 102900
35.61 105252
35.62 104664
35.63 105840
35.64 106428
35.65 107016
35.66 107604
35.67 108192
35.68 108192
35.69 108192
35.7 109368
35.71 109368
35.72 111132
35.73 112896
35.74 112896
35.75 112896
35.76 114660
35.77 114072
35.78 115248
35.79 107016
35.8 107604
35.81 108192
35.82 109368
35.83 109368
35.84 109956
35.85 111132
35.86 108192
35.87 109368
35.88 111132
35.89 111132
35.9 111720
35.91 112896
35.92 112308
35.93 112896
35.94 114660
35.95 114660
35.96 114660
35.97 115836
35.98 117012
35.99 116424
36 117600
36.01 118776
36.02 119364
36.03 120540
36.04 120540
36.05 121128
36.06 122892
36.07 111720
36.08 100548
36.09 102312
36.1 102312
36.11 102312
36.12 102312
36.13 100548
36.14 78204
36.15 79380
36.16 80556
36.17 81732
36.18 81732
36.19 81732
36.2 83496
36.21 84084
36.22 85260
36.23 87024
36.24 87024
36.25 87612
36.26 88200
36.27 88200
36.28 89376
36.29 91140
36.3 91728
36.31 92316
36.32 93492
36.33 93492
36.34 94080
36.35 96432
36.36 96432
36.37 97608
36.38 98196
36.39 98784
36.4 99372
36.41 100548
36.42 101136
36.43 102312
36.44 103488
36.45 102900
36.46 103488
36.47 104664
36.48 104076
36.49 105840
36.5 108192
36.51 108780
36.52 108780
36.53 109956
36.54 109368
36.55 109368
36.56 111132
36.57 112308
36.58 112896
36.59 114072
36.6 113484
36.61 113484
36.62 115248
36.63 115248
36.64 116424
36.65 118188
36.66 118776
36.67 119364
36.68 119952
36.69 118776
36.7 99960
36.71 101724
36.72 102900
36.73 103488
36.74 104664
36.75 104664
36.76 104664
36.77 100548
36.78 101136
36.79 103488
36.8 103488
36.81 104076
36.82 105252
36.83 77028
36.84 74676
36.85 75852
36.86 77028
36.87 77028
36.88 78204
36.89 78204
36.9 78792
36.91 80556
36.92 81144
36.93 81732
36.94 83496
36.95 83496
36.96 83496
36.97 85260
36.98 85848
36.99 86436
37 88200
37.01 88200
37.02 88200
37.03 90552
37.04 90552
37.05 91728
37.06 92316
37.07 92904
37.08 92904
37.09 81732
37.1 58212
37.11 58800
37.12 60564
37.13 61152
37.14 61740
37.15 61740
37.16 61740
37.17 62328
37.18 64092
37.19 64680
37.2 64680
37.21 66444
37.22 66444
37.23 67032
37.24 68796
37.25 69384
37.26 70560
37.27 71736
37.28 71736
37.29 72324
37.3 73500
37.31 74676
37.32 76440
37.33 76440
37.34 77616
37.35 78792
37.36 78204
37.37 79380
37.38 81144
37.39 82320
37.4 82320
37.41 84084
37.42 84084
37.43 84672
37.44 86436
37.45 87024
37.46 88200
37.47 89376
37.48 89376
37.49 89964
37.5 91140
37.51 91728
37.52 92904
37.53 94668
37.54 94668
37.55 95256
37.56 96432
37.57 96432
37.58 97608
37.59 99372
37.6 99960
37.61 100548
37.62 101724
37.63 101724
37.64 102312
37.65 104076
37.66 104664
37.67 105840
37.68 106428
37.69 106428
37.7 107016
37.71 108192
37.72 108780
37.73 109368
37.74 110544
37.75 111132
37.76 111132
37.77 112308
37.78 112308
37.79 112896
37.8 114072
37.81 114660
37.82 115836
37.83 116424
37.84 115836
37.85 117012
37.86 118776
37.87 118776
37.88 119364
37.89 120540
37.9 121716
37.91 121128
37.92 122304
37.93 122892
37.94 123480
37.95 124656
37.96 124656
37.97 125832
37.98 127008
37.99 127008
38 125244
38.01 125832
38.02 126420
38.03 127596
38.04 127008
38.05 121128
38.06 98784
38.07 98196
38.08 99372
38.09 100548
38.1 101136
38.11 101724
38.12 102900
38.13 103488
38.14 103488
38.15 105252
38.16 105252
38.17 106428
38.18 107016
38.19 107604
38.2 108192
38.21 109368
38.22 109368
38.23 110544
38.24 112308
38.25 112308
38.26 112896
38.27 114660
38.28 114660
38.29 115248
38.3 117012
38.31 117012
38.32 118188
38.33 119364
38.34 119364
38.35 120540
38.36 121128
38.37 121716
38.38 122304
38.39 124068
38.4 124068
38.41 124656
38.42 126420
38.43 126420
38.44 127008
38.45 128772
38.46 128772
38.47 129360
38.48 130536
38.49 130536
38.5 131124
38.51 131712
38.52 132888
38.53 132888
38.54 134064
38.55 134652
38.56 135828
38.57 136416
38.58 137004
38.59 137592
38.6 137592
38.61 138180
38.62 139944
38.63 139944
38.64 140532
38.65 142296
38.66 142884
38.67 142884
38.68 138180
38.69 122892
38.7 123480
38.71 124656
38.72 124656
38.73 125244
38.74 127008
38.75 126420
38.76 127008
38.77 128772
38.78 129360
38.79 129948
38.8 130536
38.81 130536
38.82 131124
38.83 132300
38.84 131712
38.85 132888
38.86 134064
38.87 134064
38.88 135240
38.89 135828
38.9 136416
38.91 137592
38.92 138180
38.93 138768
38.94 138768
38.95 140532
38.96 141120
38.97 141120
38.98 142884
38.99 143472
39 144060
39.01 145236
39.02 145236
39.03 145236
39.04 146412
39.05 147000
39.06 147588
39.07 149352
39.08 149940
39.09 150528
39.1 151116
39.11 151116
39.12 151704
39.13 152292
39.14 152880
39.15 154056
39.16 154056
39.17 155232
39.18 155820
39.19 156408
39.2 156996
39.21 158172
39.22 158172
39.23 159348
39.24 160524
39.25 161112
39.26 161112
39.27 162876
39.28 162288
39.29 162876
39.3 164052
39.31 164052
39.32 165228
39.33 166404
39.34 166404
39.35 166992
39.36 168168
39.37 166992
39.38 168168
39.39 169344
39.4 169932
39.41 170520
39.42 172284
39.43 171696
39.44 162288
39.45 147000
39.46 147000
39.47 148176
39.48 149940
39.49 149352
39.5 149940
39.51 151116
39.52 152292
39.53 152292
39.54 153468
39.55 153468
39.56 154644
39.57 155232
39.58 155232
39.59 155820
39.6 157584
39.61 156996
39.62 157584
39.63 158760
39.64 158760
39.65 159348
39.66 161112
39.67 161112
39.68 161700
39.69 162876
39.7 163464
39.71 164052
39.72 164640
39.73 165228
39.74 165228
39.75 166404
39.76 166404
39.77 168168
39.78 168168
39.79 169344
39.8 170520
39.81 169932
39.82 169932
39.83 171108
39.84 171696
39.85 172872
39.86 174048
39.87 174048
39.88 175224
39.89 175812
39.9 172284
39.91 169344
39.92 144060
39.93 144060
39.94 145236
39.95 146412
39.96 146412
39.97 146412
39.98 133476
39.99 128772
40 126420
40.01 128184
40.02 128184
40.03 129360
40.04 129948
40.05 130536
40.06 131712
40.07 132300
40.08 132300
40.09 132888
40.1 134064
40.11 134064
40.12 134652
40.13 135240
40.14 136416
40.15 137004
40.16 138180
40.17 138180
40.18 138180
40.19 139944
40.2 139944
40.21 140532
40.22 141708
40.23 142296
40.24 142884
40.25 144648
40.26 144648
40.27 145236
40.28 146412
40.29 145824
40.3 147000
40.31 147588
40.32 148176
40.33 149352
40.34 149940
40.35 150528
40.36 151704
40.37 151704
40.38 152292
40.39 153468
40.4 154056
40.41 154644
40.42 156408
40.43 156408
40.44 156996
40.45 158172
40.46 158172
40.47 158760
40.48 159936
40.49 160524
40.5 160524
40.51 162876
40.52 162288
40.53 162876
40.54 164052
40.55 164052
40.56 164640
40.57 165816
40.58 165816
40.59 167580
40.6 168168
40.61 168168
40.62 168756
40.63 169344
40.64 169932
40.65 169932
40.66 171108
40.67 171108
40.68 172284
40.69 172872
40.7 172872
40.71 173460
40.72 174636
40.73 174636
40.74 175224
40.75 175812
40.76 175812
40.77 176400
40.78 175812
40.79 174048
40.8 159348
40.81 161112
40.82 160524
40.83 161700
40.84 162288
40.85 161700
40.86 141120
40.87 142884
40.88 142884
40.89 144060
40.9 144060
40.91 145236
40.92 145236
40.93 146412
40.94 147000
40.95 147588
40.96 148176
40.97 148764
40.98 149940
40.99 150528
41 150528
41.01 152292
41.02 152292
41.03 153468
41.04 154056
41.05 154056
41.06 154056
41.07 155232
41.08 154644
41.09 155820
41.1 157584
41.11 157584
41.12 158760
41.13 159936
41.14 159348
41.15 159936
41.16 149940
41.17 149940
41.18 151704
41.19 152292
41.2 153468
41.21 153468
41.22 154644
41.23 138768
41.24 138768
41.25 139356
41.26 140532
41.27 140532
41.28 142296
41.29 142296
41.3 143472
41.31 144648
41.32 144648
41.33 145236
41.34 147000
41.35 147000
41.36 147588
41.37 149352
41.38 148764
41.39 149940
41.4 151116
41.41 151116
41.42 152292
41.43 154056
41.44 153468
41.45 154056
41.46 155232
41.47 155820
41.48 156408
41.49 156996
41.5 157584
41.51 158172
41.52 158760
41.53 158760
41.54 159936
41.55 161112
41.56 162288
41.57 162876
41.58 163464
41.59 164052
41.6 165228
41.61 164640
41.62 165228
41.63 166404
41.64 166404
41.65 166992
41.66 167580
41.67 167580
41.68 168756
41.69 169932
41.7 169932
41.71 169932
41.72 171108
41.73 171696
41.74 172284
41.75 173460
41.76 173460
41.77 175224
41.78 175812
41.79 175812
41.8 176400
41.81 177576
41.82 178164
41.83 178752
41.84 179340
41.85 179928
41.86 180516
41.87 181104
41.88 180516
41.89 181104
41.9 182280
41.91 182280
41.92 182868
41.93 184632
41.94 184632
41.95 185220
41.96 186396
41.97 186396
41.98 186984
41.99 174636
42 174636
42.01 175224
42.02 176400
42.03 176988
42.04 176988
42.05 175812
42.06 159348
42.07 159936
42.08 161112
42.09 160524
42.1 161700
42.11 162876
42.12 163464
42.13 163464
42.14 164640
42.15 165816
42.16 166992
42.17 166404
42.18 166992
42.19 168168
42.2 168168
42.21 168168
42.22 169932
42.23 169932
42.24 171696
42.25 172872
42.26 172284
42.27 172872
42.28 174636
42.29 174048
42.3 174048
42.31 174636
42.32 174636
42.33 175812
42.34 176988
42.35 176400
42.36 176988
42.37 178164
42.38 178164
42.39 179340
42.4 180516
42.41 180516
42.42 181104
42.43 182868
42.44 182280
42.45 182868
42.46 184044
42.47 184044
42.48 184632
42.49 185808
42.5 186396
42.51 186396
42.52 187572
42.53 187572
42.54 187572
42.55 188748
42.56 188748
42.57 189924
42.58 191688
42.59 191688
42.6 191688
42.61 192276
42.62 178752
42.63 169344
42.64 170520
42.65 171108
42.66 171696
42.67 172872
42.68 172872
42.69 174048
42.7 173460
42.71 173460
42.72 174048
42.73 174636
42.74 175224
42.75 172284
42.76 162288
42.77 136416
42.78 137004
42.79 137004
42.8 137592
42.81 138180
42.82 138768
42.83 139944
42.84 141120
42.85 141708
42.86 141708
42.87 131712
42.88 130536
42.89 131712
42.9 132888
42.91 133476
42.92 134064
42.93 132300
42.94 115248
42.95 115248
42.96 116424
42.97 116424
42.98 117012
42.99 118188
43 117600
43.01 118776
43.02 120540
43.03 120540
43.04 121128
43.05 121716
43.06 122892
43.07 119364
43.08 118188
43.09 119364
43.1 119364
43.11 120540
43.12 120540
43.13 121128
43.14 112896
43.15 105252
43.16 106428
43.17 108192
43.18 108192
43.19 109368
43.2 109956
43.21 110544
43.22 111132
43.23 112896
43.24 113484
43.25 113484
43.26 115248
43.27 115248
43.28 115836
43.29 117600
43.3 117600
43.31 118776
43.32 118776
43.33 119364
43.34 119364
43.35 119952
43.36 121128
43.37 121716
43.38 122304
43.39 122892
43.4 124656
43.41 124656
43.42 125244
43.43 125832
43.44 127008
43.45 127008
43.46 128772
43.47 128184
43.48 128772
43.49 129948
43.5 129948
43.51 130536
43.52 115248
43.53 114660
43.54 115836
43.55 117012
43.56 117012
43.57 117012
43.58 118188
43.59 118776
43.6 119952
43.61 121128
43.62 121716
43.63 122304
43.64 123480
43.65 122892
43.66 123480
43.67 125832
43.68 125244
43.69 125832
43.7 127008
43.71 125244
43.72 111132
43.73 107016
43.74 107016
43.75 108780
43.76 109956
43.77 109368
43.78 109368
43.79 110544
43.8 111720
43.81 111720
43.82 113484
43.83 113484
43.84 114660
43.85 115248
43.86 115248
43.87 116424
43.88 117600
43.89 117600
43.9 118776
43.91 119364
43.92 119952
43.93 120540
43.94 120540
43.95 121716
43.96 122892
43.97 124068
43.98 124068
43.99 124656
44 124656
44.01 125244
44.02 127008
44.03 127008
44.04 127596
44.05 129948
44.06 129360
44.07 127008
44.08 107604
44.09 107604
44.1 108780
44.11 109956
44.12 111132
44.13 112308
44.14 112896
44.15 112896
44.16 113484
44.17 115248
44.18 115248
44.19 115836
44.2 118188
44.21 117600
44.22 118776
44.23 119952
44.24 119364
44.25 120540
44.26 121716
44.27 121716
44.28 122304
44.29 123480
44.3 124068
44.31 124656
44.32 125832
44.33 126420
44.34 127008
44.35 128772
44.36 128184
44.37 129948
44.38 131124
44.39 130536
44.4 131712
44.41 133476
44.42 132888
44.43 134064
44.44 134652
44.45 135240
44.46 135828
44.47 136416
44.48 137004
44.49 138180
44.5 138768
44.51 139944
44.52 139944
44.53 140532
44.54 141708
44.55 141708
44.56 142296
44.57 143472
44.58 144648
44.59 145236
44.6 145236
44.61 146412
44.62 147588
44.63 147588
44.64 148764
44.65 148764
44.66 149352
44.67 151116
44.68 151116
44.69 151116
44.7 153468
44.71 152880
44.72 154056
44.73 155232
44.74 155232
44.75 155820
44.76 156996
44.77 156996
44.78 158760
44.79 159348
44.8 159936
44.81 159936
44.82 161112
44.83 160524
44.84 161112
44.85 162288
44.86 162876
44.87 163464
44.88 164640
44.89 165228
44.9 165816
44.91 166404
44.92 165816
44.93 166992
44.94 168168
44.95 166992
44.96 167580
44.97 168756
44.98 168756
44.99 169344
45 170520
45.01 170520
45.02 171108
45.03 168168
45.04 164052
45.05 165228
45.06 166404
45.07 165228
45.08 165816
45.09 166992
45.1 166992
45.11 149940
45.12 151116
45.13 152292
45.14 152880
45.15 153468
45.16 152880
45.17 134064
45.18 134064
45.19 135240
45.2 137004
45.21 137592
45.22 138180
45.23 135828
45.24 114660
45.25 114660
45.26 115248
45.27 116424
45.28 117012
45.29 118776
45.3 118188
45.31 119364
45.32 121128
45.33 120540
45.34 121128
45.35 122892
45.36 122892
45.37 123480
45.38 124656
45.39 125244
45.4 126420
45.41 127008
45.42 127008
45.43 127596
45.44 128772
45.45 128772
45.46 129948
45.47 132300
45.48 132300
45.49 132300
45.5 134064
45.51 133476
45.52 134652
45.53 135240
45.54 135828
45.55 137592
45.56 138768
45.57 138768
45.58 139356
45.59 140532
45.6 140532
45.61 141120
45.62 141708
45.63 142296
45.64 142884
45.65 144060
45.66 144060
45.67 145236
45.68 146412
45.69 146412
45.7 135240
45.71 136416
45.72 137004
45.73 137592
45.74 138180
45.75 139356
45.76 139944
45.77 128184
45.78 129360
45.79 129948
45.8 130536
45.81 131124
45.82 131712
45.83 132300
45.84 132300
45.85 134064
45.86 134064
45.87 134652
45.88 135240
45.89 135828
45.9 136416
45.91 137592
45.92 137004
45.93 138180
45.94 139944
45.95 139944
45.96 141120
45.97 142884
45.98 142296
45.99 142884
46 143472
46.01 143472
46.02 144648
46.03 145824
46.04 145824
46.05 147000
46.06 147588
46.07 148176
46.08 148176
46.09 149940
46.1 149940
46.11 151116
46.12 152292
46.13 152292
46.14 152880
46.15 154644
46.16 154056
46.17 155232
46.18 156408
46.19 156996
46.2 157584
46.21 158760
46.22 158172
46.23 159348
46.24 160524
46.25 161112
46.26 161700
46.27 162876
46.28 163464
46.29 163464
46.3 164640
46.31 164052
46.32 164640
46.33 164640
46.34 164640
46.35 165228
46.36 166404
46.37 167580
46.38 169344
46.39 168756
46.4 169344
46.41 171108
46.42 170520
46.43 171108
46.44 172284
46.45 172284
46.46 173460
46.47 174636
46.48 174048
46.49 175812
46.5 176988
46.51 176400
46.52 177576
46.53 178752
46.54 178752
46.55 178752
46.56 179928
46.57 180516
46.58 181104
46.59 181104
46.6 181104
46.61 181692
46.62 182868
46.63 182868
46.64 183456
46.65 185220
46.66 185220
46.67 176988
46.68 178164
46.69 178164
46.7 178752
46.71 174636
46.72 162876
46.73 164052
46.74 165228
46.75 154056
46.76 154644
46.77 155232
46.78 155232
46.79 152880
46.8 153468
46.81 153468
46.82 154644
46.83 156408
46.84 156408
46.85 156996
46.86 158760
46.87 158172
46.88 158760
46.89 159348
46.9 159936
46.91 160524
46.92 161700
46.93 162288
46.94 162876
46.95 164052
46.96 164640
46.97 165228
46.98 165228
46.99 165816
47 167580
47.01 167580
47.02 167580
47.03 169344
47.04 169932
47.05 170520
47.06 171108
47.07 171696
47.08 172872
47.09 173460
47.1 173460
47.11 174636
47.12 175812
47.13 175812
47.14 176400
47.15 177576
47.16 178164
47.17 178752
47.18 179928
47.19 179340
47.2 179928
47.21 181104
47.22 180516
47.23 181104
47.24 182868
47.25 183456
47.26 183456
47.27 185220
47.28 185220
47.29 185220
47.3 184632
47.31 184044
47.32 185220
47.33 186984
47.34 186984
47.35 186984
47.36 185220
47.37 176988
47.38 161700
47.39 155820
47.4 155820
47.41 156408
47.42 158172
47.43 157584
47.44 158172
47.45 159936
47.46 160524
47.47 160524
47.48 161112
47.49 161112
47.5 162876
47.51 162876
47.52 162876
47.53 163464
47.54 164640
47.55 165228
47.56 165228
47.57 165816
47.58 165816
47.59 167580
47.6 166992
47.61 167580
47.62 169344
47.63 169344
47.64 169932
47.65 170520
47.66 171108
47.67 171696
47.68 172872
47.69 172872
47.7 172872
47.71 175224
47.72 175224
47.73 175812
47.74 177576
47.75 176400
47.76 177576
47.77 178164
47.78 178164
47.79 179340
47.8 179928
47.81 179928
47.82 180516
47.83 182280
47.84 181692
47.85 182280
47.86 183456
47.87 183456
47.88 184632
47.89 185220
47.9 185220
47.91 183456
47.92 174048
47.93 174048
47.94 173460
47.95 175224
47.96 175812
47.97 176400
47.98 177576
47.99 176988
48 178164
48.01 179340
48.02 179340
48.03 179340
48.04 180516
48.05 181104
48.06 181692
48.07 182868
48.08 183456
48.09 181104
48.1 161700
48.11 155820
48.12 156996
48.13 157584
48.14 158172
48.15 158760
48.16 159348
48.17 149940
48.18 147000
48.19 146412
48.2 135240
48.21 137004
48.22 137004
48.23 137592
48.24 138768
48.25 134064
48.26 122892
48.27 104664
48.28 104076
48.29 105252
48.3 106428
48.31 105252
48.32 106428
48.33 108192
48.34 108780
48.35 109368
48.36 111132
48.37 110544
48.38 110544
48.39 105252
48.4 105840
48.41 106428
48.42 108780
48.43 108192
48.44 107604
48.45 97020
48.46 84672
48.47 85260
48.48 87024
48.49 88788
48.5 88788
48.51 90552
48.52 89964
48.53 90552
48.54 91728
48.55 91728
48.56 93492
48.57 94668
48.58 94668
48.59 95256
48.6 97020
48.61 97020
48.62 98196
48.63 99960
48.64 99960
48.65 100548
48.66 101724
48.67 101724
48.68 102900
48.69 104664
48.7 105252
48.71 105840
48.72 105840
48.73 106428
48.74 107016
48.75 108192
48.76 108780
48.77 109956
48.78 110544
48.79 111132
48.8 112308
48.81 112308
48.82 112896
48.83 114660
48.84 114660
48.85 115248
48.86 117012
48.87 116424
48.88 117600
48.89 118776
48.9 119364
48.91 120540
48.92 121716
48.93 121716
48.94 122304
48.95 122892
48.96 123480
48.97 125244
48.98 125832
48.99 125832
49 126420
49.01 127596
49.02 127596
49.03 128184
49.04 129948
49.05 130536
49.06 131124
49.07 132300
49.08 132300
49.09 132888
49.1 133476
49.11 134064
49.12 135828
49.13 137004
49.14 137004
49.15 137592
49.16 138768
49.17 138180
49.18 138180
49.19 138768
49.2 139356
49.21 140532
49.22 142296
49.23 141708
49.24 142884
49.25 144060
49.26 143472
49.27 144060
49.28 145824
49.29 146412
49.3 147588
49.31 147588
49.32 148764
49.33 149352
49.34 149352
49.35 150528
49.36 151116
49.37 151704
49.38 152880
49.39 154056
49.4 154644
49.41 155232
49.42 155820
49.43 155820
49.44 156408
49.45 157584
49.46 157584
49.47 158760
49.48 160524
49.49 159936
49.5 160524
49.51 161700
49.52 162288
49.53 162876
49.54 164052
49.55 164640
49.56 165228
49.57 166404
49.58 166404
49.59 166992
49.6 168168
49.61 168756
49.62 169344
49.63 169932
49.64 169932
49.65 170520
49.66 171696
49.67 171696
49.68 172284
49.69 173460
49.7 174048
49.71 174048
49.72 174636
49.73 166404
49.74 166992
49.75 168168
49.76 168168
49.77 169344
49.78 168168
49.79 147000
49.8 119952
49.81 120540
49.82 120540
49.83 121128
49.84 122304
49.85 122304
49.86 123480
49.87 125244
49.88 125832
49.89 125832
49.9 127008
49.91 127596
49.92 128184
49.93 128184
49.94 128184
49.95 129948
49.96 130536
49.97 130536
49.98 132300
49.99 132888
