0.01 0
0.02 0
0.03 0
0.04 0
0.05 1176
0.06 60340
0.07 119936
0.08 167824
0.09 198072
0.1 247084
0.11 251044
0.12 254208
0.13 276828
0.14 271916
0.15 278124
0.16 266364
0.17 246960
0.18 249900
0.19 244608
0.2 246960
0.21 225792
0.22 232848
0.23 236376
0.24 235788
0.25 259896
0.26 246960
0.27 251076
0.28 256956
0.29 294000
0.3 332220
0.31 326928
0.32 339276
0.33 349272
0.34 359856
0.35 412776
0.36 411012
0.37 473928
0.38 491568
0.39 494508
0.4 498624
0.41 499212
0.42 499800
0.43 499212
0.44 499800
0.45 493920
0.46 499800
0.47 499800
0.48 499800
0.49 490392
0.5 459816
0.51 499800
0.52 499800
0.53 499212
0.54 492744
0.55 499212
0.56 496272
0.57 499212
0.58 487452
0.59 461580
0.6 499800
0.61 499800
0.62 486276
0.63 488040
0.64 450408
0.65 476868
0.66 463932
0.67 463344
0.68 479808
0.69 477456
0.7 492156
0.71 496272
0.72 499800
0.73 499800
0.74 480396
0.75 448056
0.76 441588
0.77 423360
0.78 405132
0.79 386904
0.8 351624
0.81 327516
0.82 299292
0.83 323400
0.84 319284
0.85 322224
0.86 335748
0.87 346332
0.88 315756
0.89 287532
0.9 332220
0.91 332808
0.92 317520
0.93 326340
0.94 315756
0.95 333984
0.96 386904
0.97 376908
0.98 415128
0.99 380436
1 366912
1.01 385140
1.02 399252
1.03 363972
1.04 330456
1.05 299292
1.06 306348
1.07 401016
1.08 419832
1.09 399252
1.1 375144
1.11 385140
1.12 388080
1.13 400428
1.14 397488
1.15 402780
1.16 372204
1.17 361032
1.18 372204
1.19 411600
1.2 409836
1.21 421596
1.22 432768
1.23 470400
1.24 462168
1.25 440412
1.26 434532
1.27 420420
1.28 410424
1.29 425712
1.3 407484
1.31 368088
1.32 361032
1.33 383964
1.34 399252
1.35 385728
1.36 361620
1.37 319284
1.38 306936
1.39 349272
1.4 384552
1.41 392784
1.42 402780
1.43 403956
1.44 376908
1.45 350448
1.46 328104
1.47 312816
1.48 292824
1.49 299880
1.5 312816
1.51 293412
1.52 284004
1.53 281064
1.54 276360
1.55 264600
1.56 253428
1.57 269304
1.58 284592
1.59 258132
1.6 255780
1.61 241668
1.62 263424
1.63 259896
1.64 272832
1.65 256368
1.66 263424
1.67 258720
1.68 266952
1.69 234612
1.7 220500
1.71 235200
1.72 222852
1.73 236964
1.74 241080
1.75 247548
1.76 234612
1.77 239904
1.78 239316
1.79 259896
1.8 243432
1.81 232260
1.82 237552
1.83 236376
1.84 229320
1.85 239904
1.86 265188
1.87 272244
1.88 257544
1.89 265776
1.9 280476
1.91 278124
1.92 264012
1.93 262836
1.94 285180
1.95 288708
1.96 292824
1.97 281652
1.98 297528
1.99 306936
2 303996
2.01 317520
2.02 312228
2.03 301056
2.04 303996
2.05 312816
2.06 296940
2.07 313404
2.08 295176
2.09 289884
2.1 317520
2.11 311052
2.12 311052
2.13 313992
2.14 303408
2.15 312816
2.16 311640
2.17 318696
2.18 318108
2.19 313992
2.2 326340
2.21 301644
2.22 329280
2.23 325752
2.24 300468
2.25 308112
2.26 312816
2.27 287532
2.28 311052
2.29 313992
2.3 315756
2.31 312228
2.32 315756
2.33 306348
2.34 319284
2.35 295764
2.36 313992
2.37 301644
2.38 296352
2.39 295764
2.4 288120
2.41 293412
2.42 299880
2.43 286356
2.44 313992
2.45 288120
2.46 273420
2.47 279300
2.48 287532
2.49 298704
2.5 311052
2.51 290472
2.52 276948
2.53 266952
2.54 255192
2.55 246960
2.56 261660
2.57 264600
2.58 275184
2.59 295176
2.6 272244
2.61 259896
2.62 246960
2.63 238140
2.64 227556
2.65 241668
2.66 235788
2.67 237552
2.68 251076
2.69 251664
2.7 249900
2.71 251076
2.72 255780
2.73 243432
2.74 216972
2.75 213444
2.76 214032
2.77 235200
2.78 219912
2.79 205212
2.8 207564
2.81 197568
2.82 194040
2.83 205212
2.84 223440
2.85 226380
2.86 206388
2.87 181104
2.88 167580
2.89 175812
2.9 169344
2.91 163464
2.92 158760
2.93 151704
2.94 153468
2.95 137592
2.96 142296
2.97 175812
2.98 172284
2.99 161700
3 171108
3.01 147000
3.02 125244
3.03 135240
3.04 148176
3.05 149940
3.06 164640
3.07 167580
3.08 156408
3.09 156408
3.1 169344
3.11 170520
3.12 166992
3.13 143472
3.14 118776
3.15 144060
3.16 161700
3.17 169932
3.18 178164
3.19 169344
3.2 166992
3.21 152292
3.22 149352
3.23 148764
3.24 132300
3.25 130536
3.26 158760
3.27 154644
3.28 135828
3.29 134652
3.3 158172
3.31 162876
3.32 175812
3.33 186396
3.34 175812
3.35 166404
3.36 165228
3.37 159936
3.38 164052
3.39 175812
3.4 180516
3.41 189924
3.42 178164
3.43 165228
3.44 173460
3.45 184044
3.46 175812
3.47 162288
3.48 171108
3.49 172284
3.5 162288
3.51 171696
3.52 167580
3.53 166404
3.54 178752
3.55 174636
3.56 167580
3.57 167580
3.58 164640
3.59 166404
3.6 162288
3.61 149940
3.62 165228
3.63 174048
3.64 158172
3.65 191688
3.66 177576
3.67 175224
3.68 163464
3.69 167580
3.7 181692
3.71 169344
3.72 155232
3.73 142296
3.74 162288
3.75 174636
3.76 172872
3.77 159936
3.78 155232
3.79 158760
3.8 148176
3.81 155232
3.82 163464
3.83 143472
3.84 154644
3.85 176400
3.86 167580
3.87 154644
3.88 165228
3.89 148176
3.9 133476
3.91 134652
3.92 171108
3.93 177576
3.94 166992
3.95 153468
3.96 168168
3.97 162876
3.98 155232
3.99 153468
4 154644
4.01 169344
4.02 181692
4.03 161112
4.04 140532
4.05 135828
4.06 130536
4.07 138768
4.08 170520
4.09 171108
4.1 156408
4.11 141708
4.12 155232
4.13 178752
4.14 169932
4.15 175812
4.16 169344
4.17 172284
4.18 156996
4.19 147000
4.2 168756
4.21 185808
4.22 180516
4.23 158172
4.24 151116
4.25 142296
4.26 155232
4.27 168168
4.28 161112
4.29 142884
4.3 139944
4.31 129948
4.32 117600
4.33 132300
4.34 139944
4.35 134064
4.36 161112
4.37 166404
4.38 140532
4.39 139356
4.4 135828
4.41 130536
4.42 140532
4.43 145824
4.44 166992
4.45 173460
4.46 174048
4.47 174636
4.48 157584
4.49 147588
4.5 142296
4.51 159936
4.52 166992
4.53 155232
4.54 149940
4.55 136416
4.56 151704
4.57 155820
4.58 176988
4.59 175812
4.6 145236
4.61 164640
4.62 174636
4.63 162288
4.64 150528
4.65 164640
4.66 168168
4.67 169932
4.68 166404
4.69 188160
4.7 198744
4.71 181692
4.72 174048
4.73 170520
4.74 176400
4.75 176400
4.76 186396
4.77 177576
4.78 177576
4.79 173460
4.8 171696
4.81 156408
4.82 142296
4.83 151116
4.84 149352
4.85 144060
4.86 148764
4.87 147000
4.88 145824
4.89 132888
4.9 134652
4.91 131124
4.92 129948
4.93 150528
4.94 132300
4.95 117012
4.96 95844
4.97 112896
4.98 133476
4.99 140532
5 161112
5.01 145824
5.02 134064
5.03 135828
5.04 142884
5.05 153468
5.06 156996
5.07 162876
5.08 153468
5.09 136416
5.1 141708
5.11 161112
5.12 165816
5.13 165228
5.14 167580
5.15 158172
5.16 155232
5.17 152292
5.18 168168
5.19 171696
5.2 174048
5.21 180516
5.22 178752
5.23 168168
5.24 148176
5.25 158760
5.26 166992
5.27 155232
5.28 162876
5.29 162876
5.3 155232
5.31 138768
5.32 141120
5.33 154056
5.34 157584
5.35 154056
5.36 150528
5.37 134064
5.38 127596
5.39 151704
5.4 155820
5.41 149940
5.42 155820
5.43 141120
5.44 137592
5.45 131712
5.46 154644
5.47 143472
5.48 141708
5.49 143472
5.5 145236
5.51 149940
5.52 134652
5.53 152880
5.54 139356
5.55 135828
5.56 147588
5.57 163464
5.58 165816
5.59 148176
5.6 125832
5.61 131712
5.62 149940
5.63 156408
5.64 166404
5.65 162288
5.66 149352
5.67 152292
5.68 155820
5.69 141120
5.7 160524
5.71 178164
5.72 161112
5.73 159348
5.74 141708
5.75 137592
5.76 157584
5.77 164052
5.78 151704
5.79 147000
5.8 160524
5.81 135240
5.82 135240
5.83 148764
5.84 149352
5.85 143472
5.86 137592
5.87 151116
5.88 169344
5.89 161112
5.9 146412
5.91 130536
5.92 154644
5.93 166992
5.94 144648
5.95 137004
5.96 137592
5.97 144060
5.98 142296
5.99 155232
6 157584
6.01 146412
6.02 148176
6.03 137004
6.04 134652
6.05 138180
6.06 143472
6.07 153468
6.08 141708
6.09 130536
6.1 137592
6.11 138180
6.12 143472
6.13 148176
6.14 145824
6.15 137592
6.16 132300
6.17 127596
6.18 140532
6.19 154056
6.2 147000
6.21 153468
6.22 146412
6.23 142296
6.24 150528
6.25 156996
6.26 171108
6.27 174048
6.28 147588
6.29 129948
6.3 133476
6.31 165816
6.32 198156
6.33 175224
6.34 166404
6.35 162876
6.36 141708
6.37 154644
6.38 160524
6.39 182280
6.4 180516
6.41 176400
6.42 167580
6.43 158760
6.44 142296
6.45 133476
6.46 145824
6.47 159936
6.48 166404
6.49 148176
6.5 145236
6.51 129360
6.52 116424
6.53 125832
6.54 134064
6.55 142296
6.56 151704
6.57 141708
6.58 135240
6.59 122304
6.6 115836
6.61 115248
6.62 117600
6.63 138180
6.64 127596
6.65 111132
6.66 113484
6.67 102900
6.68 115248
6.69 144060
6.7 157584
6.71 155820
6.72 137592
6.73 133476
6.74 131124
6.75 137592
6.76 131712
6.77 125244
6.78 132888
6.79 152292
6.8 153468
6.81 134652
6.82 122892
6.83 124068
6.84 164052
6.85 154644
6.86 141708
6.87 125832
6.88 109956
6.89 127596
6.9 133476
6.91 152880
6.92 148176
6.93 145824
6.94 139356
6.95 117012
6.96 137592
6.97 135240
6.98 141120
6.99 118188
7 136416
7.01 134652
7.02 146412
7.03 151704
7.04 159348
7.05 171108
7.06 156408
7.07 144648
7.08 144060
7.09 137004
7.1 146412
7.11 152292
7.12 182868
7.13 179340
7.14 179340
7.15 166404
7.16 159348
7.17 167580
7.18 174048
7.19 171696
7.2 168168
7.21 157584
7.22 157584
7.23 169344
7.24 169344
7.25 180516
7.26 177576
7.27 160524
7.28 162876
7.29 165816
7.3 156408
7.31 134652
7.32 149352
7.33 154644
7.34 156408
7.35 155232
7.36 141120
7.37 145236
7.38 135828
7.39 141708
7.4 118776
7.41 127596
7.42 147000
7.43 166404
7.44 179928
7.45 166404
7.46 149940
7.47 148176
7.48 155820
7.49 159936
7.5 166404
7.51 165228
7.52 170520
7.53 208740
7.54 199332
7.55 190512
7.56 178164
7.57 171108
7.58 192276
7.59 193452
7.6 184632
7.61 179928
7.62 184632
7.63 173460
7.64 166992
7.65 181692
7.66 183456
7.67 186984
7.68 187572
7.69 165816
7.7 161112
7.71 157584
7.72 137004
7.73 152292
7.74 159348
7.75 165816
7.76 143472
7.77 134652
7.78 126420
7.79 103488
7.8 98784
7.81 111720
7.82 119952
7.83 121128
7.84 109956
7.85 101136
7.86 99372
7.87 115836
7.88 109956
7.89 101136
7.9 94080
7.91 115248
7.92 118776
7.93 107016
7.94 114660
7.95 118776
7.96 126420
7.97 107604
7.98 117600
7.99 122892
8 118776
8.01 106428
8.02 118776
8.03 133476
8.04 134652
8.05 115836
8.06 119364
8.07 128772
8.08 125244
8.09 137004
8.1 125832
8.11 116424
8.12 125244
8.13 137004
8.14 136416
8.15 148764
8.16 159348
8.17 171696
8.18 153468
8.19 148764
8.2 141708
8.21 145824
8.22 159936
8.23 179928
8.24 175224
8.25 159936
8.26 149352
8.27 149352
8.28 138180
8.29 134652
8.3 131124
8.31 155820
8.32 165816
8.33 170520
8.34 161700
8.35 151704
8.36 154644
8.37 137592
8.38 129948
8.39 132888
8.4 156996
8.41 148176
8.42 153468
8.43 152880
8.44 166404
8.45 157584
8.46 146412
8.47 152292
8.48 138180
8.49 143472
8.5 154056
8.51 153468
8.52 159936
8.53 169344
8.54 151704
8.55 146412
8.56 151116
8.57 143472
8.58 148764
8.59 145824
8.6 145236
8.61 137592
8.62 138180
8.63 142884
8.64 131712
8.65 134652
8.66 154644
8.67 159936
8.68 154056
8.69 142884
8.7 134064
8.71 137592
8.72 144648
8.73 155820
8.74 168756
8.75 170520
8.76 142884
8.77 144648
8.78 148176
8.79 139944
8.8 144648
8.81 139944
8.82 148176
8.83 140532
8.84 139356
8.85 126420
8.86 141120
8.87 129360
8.88 126420
8.89 128772
8.9 128772
8.91 126420
8.92 132888
8.93 136416
8.94 139944
8.95 120540
8.96 122304
8.97 113484
8.98 115248
8.99 128184
9 129948
9.01 141120
9.02 129360
9.03 117600
9.04 120540
9.05 131124
9.06 123480
9.07 138180
9.08 135240
9.09 131712
9.1 143472
9.11 151704
9.12 140532
9.13 128772
9.14 131712
9.15 134064
9.16 139944
9.17 146412
9.18 169932
9.19 168168
9.2 179340
9.21 172872
9.22 161700
9.23 138768
9.24 131124
9.25 134652
9.26 172872
9.27 182868
9.28 198744
9.29 194040
9.3 171696
9.31 161700
9.32 149940
9.33 136416
9.34 165816
9.35 172872
9.36 171108
9.37 172284
9.38 152880
9.39 150528
9.4 172872
9.41 161700
9.42 151704
9.43 145824
9.44 142884
9.45 135828
9.46 130536
9.47 132888
9.48 146412
9.49 142884
9.5 164640
9.51 153468
9.52 156408
9.53 143472
9.54 148764
9.55 137592
9.56 149940
9.57 152880
9.58 166404
9.59 156408
9.6 145824
9.61 144648
9.62 149352
9.63 151704
9.64 165228
9.65 166404
9.66 164640
9.67 141120
9.68 141120
9.69 155232
9.7 164640
9.71 171108
9.72 184044
9.73 180516
9.74 176400
9.75 171108
9.76 152292
9.77 149352
9.78 155232
9.79 190512
9.8 172284
9.81 158760
9.82 161112
9.83 171696
9.84 163464
9.85 157584
9.86 164052
9.87 161700
9.88 171108
9.89 160524
9.9 154056
9.91 143472
9.92 150528
9.93 138180
9.94 144648
9.95 153468
9.96 135828
9.97 142884
9.98 161700
9.99 150528
10 143472
10.01 142884
10.02 126420
10.03 129360
10.04 125832
10.05 137592
10.06 136416
10.07 147588
10.08 139356
10.09 161700
10.1 145824
10.11 148176
10.12 137004
10.13 143472
10.14 166404
10.15 144060
10.16 136416
10.17 156408
10.18 158760
10.19 165228
10.2 156996
10.21 166404
10.22 174636
10.23 179928
10.24 166404
10.25 169932
10.26 161112
10.27 154644
10.28 163464
10.29 159348
10.3 157584
10.31 174636
10.32 181104
10.33 166992
10.34 167580
10.35 163464
10.36 163464
10.37 159936
10.38 158172
10.39 147588
10.4 144648
10.41 155232
10.42 156996
10.43 172284
10.44 178164
10.45 162288
10.46 147000
10.47 149352
10.48 146412
10.49 129360
10.5 120540
10.51 137004
10.52 158760
10.53 158760
10.54 139944
10.55 138768
10.56 151116
10.57 149940
10.58 146412
10.59 154644
10.6 154056
10.61 141120
10.62 124068
10.63 134652
10.64 144648
10.65 187572
10.66 181104
10.67 156996
10.68 152292
10.69 155820
10.7 137592
10.71 152880
10.72 152292
10.73 135828
10.74 134652
10.75 151116
10.76 177576
10.77 171108
10.78 166992
10.79 149940
10.8 150528
10.81 152292
10.82 152292
10.83 146412
10.84 151704
10.85 157584
10.86 167580
10.87 164640
10.88 170520
10.89 163464
10.9 166992
10.91 165228
10.92 158172
10.93 148176
10.94 164640
10.95 150528
10.96 131712
10.97 131712
10.98 121128
10.99 160524
11 172284
11.01 168756
11.02 162876
11.03 163464
11.04 145236
11.05 132888
11.06 128184
11.07 117600
11.08 145824
11.09 168756
11.1 192864
11.11 195216
11.12 171108
11.13 159936
11.14 146412
11.15 127008
11.16 135240
11.17 144648
11.18 166404
11.19 176400
11.2 194040
11.21 175812
11.22 156408
11.23 150528
11.24 154644
11.25 154644
11.26 163464
11.27 166992
11.28 164052
11.29 159936
11.3 164052
11.31 151116
11.32 164052
11.33 177576
11.34 170520
11.35 166404
11.36 172284
11.37 166404
11.38 168168
11.39 152880
11.4 160524
11.41 185808
11.42 177576
11.43 178752
11.44 184632
11.45 157584
11.46 162876
11.47 168756
11.48 169932
11.49 182280
11.5 191688
11.51 162288
11.52 161700
11.53 155820
11.54 151704
11.55 154056
11.56 166404
11.57 172284
11.58 155820
11.59 142296
11.6 136416
11.61 141120
11.62 134064
11.63 127008
11.64 119364
11.65 123480
11.66 148176
11.67 160524
11.68 145236
11.69 138768
11.7 141120
11.71 133476
11.72 132300
11.73 129360
11.74 127596
11.75 150528
11.76 179928
11.77 178752
11.78 165816
11.79 148176
11.8 148764
11.81 146412
11.82 168168
11.83 172872
11.84 175812
11.85 171696
11.86 168756
11.87 162876
11.88 159348
11.89 178752
11.9 184632
11.91 162876
11.92 160524
11.93 139944
11.94 155232
11.95 148764
11.96 154056
11.97 144648
11.98 166404
11.99 169344
12 166992
12.01 168168
12.02 159936
12.03 147588
12.04 144648
12.05 131124
12.06 127596
12.07 144648
12.08 175812
12.09 179340
12.1 186984
12.11 192276
12.12 174048
12.13 151116
12.14 131712
12.15 139944
12.16 155232
12.17 189924
12.18 186984
12.19 195804
12.2 194040
12.21 178752
12.22 184044
12.23 185808
12.24 174048
12.25 174636
12.26 175812
12.27 168168
12.28 177576
12.29 178164
12.3 167580
12.31 183456
12.32 162876
12.33 162288
12.34 148764
12.35 141708
12.36 140532
12.37 124068
12.38 136416
12.39 144648
12.4 135240
12.41 145236
12.42 136416
12.43 117600
12.44 128772
12.45 112896
12.46 134064
12.47 133476
12.48 131124
12.49 115836
12.5 95844
12.51 119952
12.52 149352
12.53 148764
12.54 126420
12.55 127596
12.56 166404
12.57 161700
12.58 158172
12.59 137004
12.6 137004
12.61 129948
12.62 158760
12.63 192276
12.64 171108
12.65 161700
12.66 152292
12.67 157584
12.68 172284
12.69 162876
12.7 158760
12.71 154644
12.72 149940
12.73 162876
12.74 181104
12.75 188748
12.76 175224
12.77 167580
12.78 159936
12.79 148764
12.8 143472
12.81 179340
12.82 184632
12.83 167580
12.84 155232
12.85 163464
12.86 155820
12.87 159936
12.88 159348
12.89 167580
12.9 166404
12.91 183456
12.92 190512
12.93 166404
12.94 147588
12.95 139356
12.96 152292
12.97 164640
12.98 170520
12.99 155232
13 160524
13.01 149940
13.02 165228
13.03 165228
13.04 159936
13.05 148764
13.06 159348
13.07 141120
13.08 141708
13.09 140532
13.1 142296
13.11 144060
13.12 166404
13.13 158760
13.14 168756
13.15 161700
13.16 165816
13.17 152292
13.18 138768
13.19 136416
13.2 139944
13.21 158172
13.22 162876
13.23 172872
13.24 192276
13.25 185220
13.26 174636
13.27 162876
13.28 148764
13.29 131712
13.3 139356
13.31 143472
13.32 174048
13.33 201684
13.34 193452
13.35 189924
13.36 178752
13.37 164640
13.38 158172
13.39 161112
13.4 162876
13.41 162288
13.42 164052
13.43 145824
13.44 171696
13.45 185808
13.46 182868
13.47 174048
13.48 158172
13.49 149352
13.5 138180
13.51 161700
13.52 170520
13.53 162288
13.54 155820
13.55 169932
13.56 189336
13.57 174636
13.58 172284
13.59 170520
13.6 174048
13.61 173460
13.62 162876
13.63 141708
13.64 151704
13.65 178752
13.66 179340
13.67 172284
13.68 165816
13.69 167580
13.7 164052
13.71 154056
13.72 168756
13.73 184632
13.74 176988
13.75 147588
13.76 181692
13.77 177576
13.78 169932
13.79 171108
13.8 160524
13.81 155820
13.82 149352
13.83 151116
13.84 172284
13.85 192276
13.86 176988
13.87 154644
13.88 132888
13.89 128772
13.9 134652
13.91 148764
13.92 152880
13.93 159348
13.94 159936
13.95 155820
13.96 137592
13.97 147000
13.98 143472
13.99 139356
14 143472
14.01 147000
14.02 164640
14.03 164640
14.04 163464
14.05 149352
14.06 167580
14.07 167580
14.08 166404
14.09 159348
14.1 160524
14.11 166404
14.12 168756
14.13 155232
14.14 175224
14.15 164640
14.16 172872
14.17 179340
14.18 163464
14.19 148764
14.2 144648
14.21 154644
14.22 179340
14.23 188160
14.24 200508
14.25 184632
14.26 155232
14.27 161700
14.28 169344
14.29 166992
14.3 159936
14.31 172872
14.32 181104
14.33 197568
14.34 192864
14.35 184044
14.36 179928
14.37 171696
14.38 168756
14.39 161112
14.4 158760
14.41 168168
14.42 167580
14.43 161112
14.44 156996
14.45 150528
14.46 156408
14.47 174636
14.48 158760
14.49 134064
14.5 111720
14.51 109956
14.52 122892
14.53 113484
14.54 121716
14.55 116424
14.56 121716
14.57 109368
14.58 127008
14.59 116424
14.6 111132
14.61 131124
14.62 117012
14.63 119952
14.64 117012
14.65 112308
14.66 112896
14.67 125832
14.68 156996
14.69 147588
14.7 145824
14.71 142296
14.72 125244
14.73 135240
14.74 133476
14.75 128772
14.76 118188
14.77 139944
14.78 158760
14.79 159936
14.8 159348
14.81 154644
14.82 127008
14.83 120540
14.84 138180
14.85 164052
14.86 159936
14.87 159936
14.88 169344
14.89 161700
14.9 172872
14.91 181104
14.92 175224
14.93 182280
14.94 169932
14.95 156996
14.96 136416
14.97 145236
14.98 183456
14.99 214032
15 216384
15.01 191688
15.02 169344
15.03 163464
15.04 152292
15.05 151116
15.06 166992
15.07 174636
15.08 171696
15.09 192276
15.1 181692
15.11 165816
15.12 148176
15.13 137592
15.14 145236
15.15 123480
15.16 155820
15.17 184632
15.18 175812
15.19 174636
15.2 156996
15.21 139356
15.22 123480
15.23 131712
15.24 117600
15.25 109368
15.26 129360
15.27 137004
15.28 151116
15.29 134652
15.3 140532
15.31 115836
15.32 116424
15.33 102900
15.34 99960
15.35 98196
15.36 136416
15.37 148176
15.38 134652
15.39 129360
15.4 128184
15.41 142884
15.42 161700
15.43 141708
15.44 131712
15.45 147588
15.46 154056
15.47 151116
15.48 151116
15.49 158760
15.5 179340
15.51 202272
15.52 178164
15.53 185220
15.54 181104
15.55 167580
15.56 158172
15.57 163464
15.58 180516
15.59 174636
15.6 185808
15.61 218736
15.62 216384
15.63 199332
15.64 183456
15.65 180516
15.66 183456
15.67 173460
15.68 159348
15.69 158760
15.7 172284
15.71 175812
15.72 166404
15.73 171108
15.74 177576
15.75 164640
15.76 182868
15.77 172872
15.78 151116
15.79 143472
15.8 147000
15.81 145824
15.82 123480
15.83 132300
15.84 142296
15.85 155232
15.86 144060
15.87 127008
15.88 112308
15.89 109956
15.9 125244
15.91 125832
15.92 113484
15.93 115836
15.94 110544
15.95 107604
15.96 124068
15.97 137004
15.98 124068
15.99 132888
16 128184
16.01 117600
16.02 115248
16.03 123480
16.04 131124
16.05 133476
16.06 139356
16.07 127596
16.08 147000
16.09 159348
16.1 150528
16.11 133476
16.12 127596
16.13 118188
16.14 125244
16.15 146412
16.16 162288
16.17 166404
16.18 169932
16.19 162288
16.2 168168
16.21 153468
16.22 145236
16.23 164640
16.24 148764
16.25 149352
16.26 177576
16.27 182868
16.28 172284
16.29 174636
16.3 160524
16.31 168756
16.32 179340
16.33 173460
16.34 161112
16.35 157584
16.36 162288
16.37 137004
16.38 139944
16.39 155820
16.4 160524
16.41 159348
16.42 155820
16.43 134652
16.44 119952
16.45 124656
16.46 124068
16.47 116424
16.48 124656
16.49 131124
16.5 117600
16.51 122892
16.52 109956
16.53 121128
16.54 118188
16.55 130536
16.56 133476
16.57 139944
16.58 135828
16.59 128772
16.6 147588
16.61 139944
16.62 154644
16.63 152880
16.64 165816
16.65 170520
16.66 154056
16.67 154644
16.68 156408
16.69 149940
16.7 141708
16.71 168168
16.72 181104
16.73 172872
16.74 160524
16.75 135828
16.76 174048
16.77 200508
16.78 188748
16.79 181104
16.8 173460
16.81 164052
16.82 149352
16.83 178164
16.84 202272
16.85 208152
16.86 201684
16.87 183456
16.88 175812
16.89 169932
16.9 162876
16.91 169932
16.92 192864
16.93 184044
16.94 172872
16.95 166404
16.96 175812
16.97 170520
16.98 174636
16.99 172284
17 169344
17.01 161700
17.02 151116
17.03 140532
17.04 144060
17.05 170520
17.06 167580
17.07 157584
17.08 149352
17.09 119952
17.1 119952
17.11 141120
17.12 147588
17.13 160524
17.14 152292
17.15 127596
17.16 106428
17.17 112308
17.18 128184
17.19 135828
17.2 159348
17.21 161700
17.22 154056
17.23 129948
17.24 127596
17.25 125832
17.26 129360
17.27 147000
17.28 145236
17.29 155232
17.3 176400
17.31 166992
17.32 155232
17.33 174048
17.34 147588
17.35 165228
17.36 156408
17.37 154056
17.38 145236
17.39 147000
17.4 156996
17.41 171108
17.42 158172
17.43 157584
17.44 149940
17.45 166992
17.46 161700
17.47 159936
17.48 165228
17.49 158760
17.5 135240
17.51 144648
17.52 159936
17.53 168756
17.54 161700
17.55 153468
17.56 160524
17.57 156996
17.58 155820
17.59 165228
17.6 148764
17.61 136416
17.62 128184
17.63 146412
17.64 155232
17.65 186396
17.66 198744
17.67 194040
17.68 174048
17.69 156996
17.7 147588
17.71 148176
17.72 159348
17.73 169344
17.74 190512
17.75 219324
17.76 198744
17.77 176400
17.78 161700
17.79 156408
17.8 155232
17.81 157584
17.82 166404
17.83 189336
17.84 190512
17.85 194628
17.86 188748
17.87 172872
17.88 155820
17.89 163464
17.9 168168
17.91 177576
17.92 178164
17.93 185220
17.94 179340
17.95 174636
17.96 182868
17.97 166404
17.98 181692
17.99 165228
18 152292
18.01 158172
18.02 156408
18.03 179340
18.04 170520
18.05 162288
18.06 160524
18.07 176400
18.08 168756
18.09 154644
18.1 146412
18.11 169932
18.12 149352
18.13 156408
18.14 159348
18.15 179340
18.16 181104
18.17 178164
18.18 157584
18.19 161112
18.2 165816
18.21 163464
18.22 170520
18.23 153468
18.24 149352
18.25 163464
18.26 161700
18.27 172284
18.28 178164
18.29 159936
18.3 155232
18.31 168168
18.32 166992
18.33 169932
18.34 169344
18.35 169344
18.36 170520
18.37 157584
18.38 179928
18.39 192864
18.4 179928
18.41 159348
18.42 160524
18.43 169932
18.44 168168
18.45 175224
18.46 172284
18.47 169932
18.48 185808
18.49 163464
18.5 160524
18.51 154644
18.52 144648
18.53 155232
18.54 164640
18.55 159936
18.56 161112
18.57 154644
18.58 139356
18.59 146412
18.6 152880
18.61 139944
18.62 134064
18.63 116424
18.64 133476
18.65 139944
18.66 132888
18.67 124068
18.68 122304
18.69 134064
18.7 146412
18.71 144648
18.72 149352
18.73 144060
18.74 148176
18.75 130536
18.76 144648
18.77 166992
18.78 161700
18.79 152880
18.8 172872
18.81 173460
18.82 201684
18.83 183456
18.84 161112
18.85 176400
18.86 199920
18.87 183456
18.88 191688
18.89 189336
18.9 194040
18.91 185220
18.92 177576
18.93 181692
18.94 208152
18.95 206388
18.96 190512
18.97 172284
18.98 168168
18.99 177576
19 184632
19.01 176400
19.02 167580
19.03 173460
19.04 171696
19.05 170520
19.06 161700
19.07 156996
19.08 149352
19.09 166992
19.1 171108
19.11 156408
19.12 144060
19.13 139356
19.14 152880
19.15 137592
19.16 144648
19.17 162876
19.18 166992
19.19 151116
19.2 133476
19.21 127596
19.22 134652
19.23 139944
19.24 145236
19.25 159936
19.26 164052
19.27 152292
19.28 159348
19.29 158760
19.3 155820
19.31 156996
19.32 168756
19.33 170520
19.34 184632
19.35 183456
19.36 168756
19.37 165228
19.38 167580
19.39 185808
19.4 193452
19.41 184632
19.42 183456
19.43 167580
19.44 164052
19.45 185220
19.46 179340
19.47 164640
19.48 165228
19.49 147000
19.5 142884
19.51 165228
19.52 156408
19.53 147588
19.54 161112
19.55 151116
19.56 125832
19.57 150528
19.58 168756
19.59 163464
19.6 163464
19.61 151116
19.62 135240
19.63 151704
19.64 144648
19.65 157584
19.66 166992
19.67 165228
19.68 168168
19.69 166992
19.7 142884
19.71 129948
19.72 162876
19.73 162288
19.74 147000
19.75 164640
19.76 169932
19.77 182280
19.78 173460
19.79 161700
19.8 155232
19.81 134652
19.82 144060
19.83 160524
19.84 169932
19.85 185220
19.86 170520
19.87 170520
19.88 161700
19.89 150528
19.9 162288
19.91 156408
19.92 148176
19.93 149940
19.94 163464
19.95 177576
19.96 176400
19.97 153468
19.98 147000
19.99 149940
20 145824
20.01 142884
20.02 169932
20.03 181692
20.04 175224
20.05 156996
20.06 133476
20.07 131124
20.08 144648
20.09 137592
20.1 152292
20.11 163464
20.12 166404
20.13 152880
20.14 141708
20.15 129948
20.16 137592
20.17 162288
20.18 164052
20.19 144060
20.2 154056
20.21 165228
20.22 164640
20.23 165816
20.24 145236
20.25 147588
20.26 160524
20.27 179928
20.28 178164
20.29 172872
20.3 184632
20.31 168756
20.32 162288
20.33 169344
20.34 159936
20.35 168168
20.36 178164
20.37 179928
20.38 189336
20.39 182868
20.4 175224
20.41 176400
20.42 171696
20.43 179340
20.44 175224
20.45 161700
20.46 164052
20.47 154056
20.48 147000
20.49 151116
20.5 147000
20.51 141708
20.52 144060
20.53 138768
20.54 141120
20.55 134652
20.56 118188
20.57 106428
20.58 118188
20.59 124656
20.6 134064
20.61 123480
20.62 121128
20.63 125832
20.64 135828
20.65 122304
20.66 101724
20.67 97020
20.68 101724
20.69 109956
20.7 141708
20.71 141120
20.72 132888
20.73 141708
20.74 148764
20.75 137592
20.76 144060
20.77 132888
20.78 144060
20.79 145824
20.8 150528
20.81 166992
20.82 154056
20.83 161700
20.84 171108
20.85 168756
20.86 149940
20.87 165228
20.88 185808
20.89 192276
20.9 188748
20.91 171696
20.92 186396
20.93 175224
20.94 176988
20.95 161700
20.96 186396
20.97 215796
20.98 194628
20.99 194628
21 193452
21.01 159936
21.02 147000
21.03 152292
21.04 194040
21.05 198744
21.06 208152
21.07 180516
21.08 170520
21.09 174636
21.1 161700
21.11 144060
21.12 151704
21.13 159348
21.14 137592
21.15 135240
21.16 132300
21.17 156408
21.18 154056
21.19 131712
21.2 121128
21.21 131124
21.22 127596
21.23 121716
21.24 133476
21.25 150528
21.26 148764
21.27 121128
21.28 118188
21.29 128184
21.3 151116
21.31 162876
21.32 158760
21.33 140532
21.34 141708
21.35 150528
21.36 157584
21.37 158760
21.38 163464
21.39 147588
21.4 156408
21.41 154644
21.42 170520
21.43 166992
21.44 165228
21.45 159936
21.46 167580
21.47 185220
21.48 166404
21.49 139944
21.5 167580
21.51 179340
21.52 188748
21.53 170520
21.54 184044
21.55 170520
21.56 168756
21.57 176988
21.58 165228
21.59 155232
21.6 157584
21.61 162876
21.62 168168
21.63 173460
21.64 156996
21.65 150528
21.66 152292
21.67 144648
21.68 152880
21.69 142884
21.7 136416
21.71 138180
21.72 146412
21.73 158760
21.74 145236
21.75 131124
21.76 135828
21.77 122892
21.78 128184
21.79 129948
21.8 156408
21.81 175224
21.82 156996
21.83 141120
21.84 125832
21.85 121716
21.86 132888
21.87 162876
21.88 196392
21.89 179340
21.9 178752
21.91 159348
21.92 162288
21.93 151116
21.94 166992
21.95 162288
21.96 159348
21.97 176400
21.98 183456
21.99 173460
22 177576
22.01 175224
22.02 153468
22.03 157584
22.04 153468
22.05 153468
22.06 156408
22.07 147000
22.08 156408
22.09 165816
22.1 166404
22.11 178164
22.12 162876
22.13 153468
22.14 164052
22.15 166404
22.16 173460
22.17 168756
22.18 168756
22.19 154056
22.2 161700
22.21 186984
22.22 189336
22.23 183456
22.24 194628
22.25 171108
22.26 145824
22.27 149352
22.28 189924
22.29 185220
22.3 175812
22.31 159348
22.32 152880
22.33 144060
22.34 139356
22.35 147588
22.36 158172
22.37 169932
22.38 166992
22.39 161700
22.4 139944
22.41 112308
22.42 105840
22.43 129948
22.44 130536
22.45 141120
22.46 162288
22.47 165228
22.48 144060
22.49 132300
22.5 109368
22.51 99960
22.52 118776
22.53 134064
22.54 133476
22.55 145824
22.56 137592
22.57 132888
22.58 131712
22.59 130536
22.6 138768
22.61 131124
22.62 131124
22.63 135240
22.64 122304
22.65 120540
22.66 141708
22.67 142884
22.68 164640
22.69 163464
22.7 162876
22.71 164052
22.72 160524
22.73 147588
22.74 149940
22.75 165816
22.76 162288
22.77 181104
22.78 163464
22.79 143472
22.8 153468
22.81 154644
22.82 167580
22.83 167580
22.84 175224
22.85 157584
22.86 154056
22.87 132300
22.88 129948
22.89 147000
22.9 146412
22.91 162288
22.92 159936
22.93 173460
22.94 165816
22.95 145236
22.96 137592
22.97 131712
22.98 139356
22.99 155820
23 164640
23.01 148176
23.02 157584
23.03 178164
23.04 165816
23.05 157584
23.06 152880
23.07 172284
23.08 173460
23.09 176400
23.1 160524
23.11 151704
23.12 164052
23.13 178752
23.14 182868
23.15 179928
23.16 158760
23.17 164640
23.18 181692
23.19 187572
23.2 189336
23.21 169932
23.22 152292
23.23 151116
23.24 158172
23.25 170520
23.26 183456
23.27 168168
23.28 167580
23.29 162876
23.3 154644
23.31 135828
23.32 123480
23.33 121128
23.34 125832
23.35 125832
23.36 135240
23.37 141120
23.38 125832
23.39 148176
23.4 148764
23.41 131124
23.42 111720
23.43 119952
23.44 129948
23.45 134652
23.46 145236
23.47 148176
23.48 152292
23.49 161112
23.5 154644
23.51 147588
23.52 156996
23.53 154644
23.54 153468
23.55 137004
23.56 136416
23.57 166992
23.58 176988
23.59 159348
23.6 148176
23.61 154644
23.62 161112
23.63 168756
23.64 172872
23.65 176400
23.66 173460
23.67 184044
23.68 178752
23.69 188160
23.7 192864
23.71 182868
23.72 177576
23.73 176400
23.74 183456
23.75 185808
23.76 195216
23.77 199920
23.78 183456
23.79 191688
23.8 179340
23.81 162288
23.82 151704
23.83 152292
23.84 149940
23.85 165228
23.86 156996
23.87 161112
23.88 152880
23.89 155820
23.9 148176
23.91 138180
23.92 125832
23.93 136416
23.94 127008
23.95 128772
23.96 126420
23.97 149940
23.98 153468
23.99 146412
24 135240
24.01 122892
24.02 108780
24.03 114072
24.04 129948
24.05 169344
24.06 166404
24.07 161700
24.08 144648
24.09 136416
24.1 154056
24.11 157584
24.12 174636
24.13 168168
24.14 156996
24.15 151116
24.16 137592
24.17 145236
24.18 171108
24.19 191688
24.2 193452
24.21 182868
24.22 162288
24.23 156408
24.24 164640
24.25 154644
24.26 172284
24.27 186984
24.28 184632
24.29 184044
24.3 181104
24.31 176400
24.32 157584
24.33 160524
24.34 159348
24.35 173460
24.36 188160
24.37 183456
24.38 179340
24.39 165228
24.4 160524
24.41 163464
24.42 156408
24.43 150528
24.44 157584
24.45 171108
24.46 152880
24.47 166404
24.48 171696
24.49 168756
24.5 145824
24.51 151704
24.52 139944
24.53 144060
24.54 148176
24.55 144060
24.56 152292
24.57 153468
24.58 155232
24.59 175812
24.6 174048
24.61 154056
24.62 142296
24.63 126420
24.64 118188
24.65 141708
24.66 172284
24.67 173460
24.68 173460
24.69 171696
24.7 159348
24.71 162288
24.72 156996
24.73 156996
24.74 172284
24.75 185808
24.76 171696
24.77 158760
24.78 155232
24.79 169344
24.8 177576
24.81 173460
24.82 178164
24.83 189924
24.84 171696
24.85 162876
24.86 166992
24.87 176400
24.88 183456
24.89 196392
24.9 185808
24.91 181692
24.92 169344
24.93 162876
24.94 161700
24.95 178164
24.96 186396
24.97 172872
24.98 170520
24.99 174048
25 167580
25.01 164052
25.02 139944
25.03 144648
25.04 154644
25.05 166992
25.06 152292
25.07 159348
25.08 151116
25.09 147588
25.1 138768
25.11 132888
25.12 135828
25.13 128184
25.14 134652
25.15 161700
25.16 161700
25.17 160524
25.18 164052
25.19 147588
25.2 131712
25.21 138768
25.22 137592
25.23 174636
25.24 161112
25.25 155820
25.26 170520
25.27 188160
25.28 196980
25.29 200508
25.3 186396
25.31 158172
25.32 159936
25.33 177576
25.34 187572
25.35 195804
25.36 203448
25.37 190512
25.38 194040
25.39 189924
25.4 199332
25.41 192864
25.42 196980
25.43 184044
25.44 184632
25.45 188160
25.46 187572
25.47 175812
25.48 169344
25.49 184044
25.5 186984
25.51 179928
25.52 180516
25.53 163464
25.54 150528
25.55 141708
25.56 139356
25.57 141708
25.58 158760
25.59 158760
25.6 164640
25.61 154644
25.62 145236
25.63 138768
25.64 156996
25.65 157584
25.66 129360
25.67 134652
25.68 132300
25.69 157584
25.7 170520
25.71 197568
25.72 176400
25.73 152880
25.74 148764
25.75 139356
25.76 141120
25.77 167580
25.78 170520
25.79 174048
25.8 181692
25.81 189336
25.82 186396
25.83 179340
25.84 164640
25.85 157584
25.86 158760
25.87 161700
25.88 156996
25.89 165228
25.9 169344
25.91 163464
25.92 168168
25.93 180516
25.94 178164
25.95 151704
25.96 131124
25.97 151704
25.98 161700
25.99 169344
26 162288
26.01 155820
26.02 156408
26.03 159936
26.04 154644
26.05 162288
26.06 178164
26.07 164640
26.08 159936
26.09 145236
26.1 142884
26.11 150528
26.12 154056
26.13 155232
26.14 162288
26.15 166404
26.16 150528
26.17 142884
26.18 155232
26.19 181692
26.2 176400
26.21 173460
26.22 138180
26.23 134652
26.24 125832
26.25 156408
26.26 166992
26.27 171696
26.28 165816
26.29 175224
26.3 159936
26.31 155232
26.32 158760
26.33 147588
26.34 156996
26.35 178164
26.36 181104
26.37 179340
26.38 166992
26.39 161112
26.4 175224
26.41 171108
26.42 179340
26.43 169344
26.44 168756
26.45 163464
26.46 155820
26.47 151116
26.48 149940
26.49 172284
26.5 174636
26.51 178164
26.52 169344
26.53 143472
26.54 121716
26.55 115248
26.56 122304
26.57 122304
26.58 135240
26.59 145236
26.6 141120
26.61 142296
26.62 134652
26.63 134064
26.64 143472
26.65 139356
26.66 131712
26.67 123480
26.68 115836
26.69 134064
26.7 137004
26.71 141708
26.72 155232
26.73 154644
26.74 140532
26.75 133476
26.76 123480
26.77 128184
26.78 136416
26.79 152292
26.8 149352
26.81 147000
26.82 141708
26.83 136416
26.84 153468
26.85 152292
26.86 155232
26.87 155820
26.88 143472
26.89 140532
26.9 153468
26.91 153468
26.92 156408
26.93 168168
26.94 164052
26.95 152292
26.96 152292
26.97 168168
26.98 159348
26.99 144060
27 142296
27.01 159348
27.02 171108
27.03 175812
27.04 175224
27.05 175224
27.06 178752
27.07 175224
27.08 156996
27.09 154056
27.1 149352
27.11 154644
27.12 152880
27.13 182280
27.14 191100
27.15 174048
27.16 156996
27.17 165228
27.18 165816
27.19 147588
27.2 158760
27.21 153468
27.22 147588
27.23 178164
27.24 194628
27.25 196392
27.26 191688
27.27 176988
27.28 156996
27.29 134064
27.3 124656
27.31 152880
27.32 178752
27.33 185808
27.34 183456
27.35 180516
27.36 182280
27.37 169344
27.38 151704
27.39 155232
27.4 150528
27.41 151704
27.42 158760
27.43 176988
27.44 164052
27.45 149940
27.46 140532
27.47 155820
27.48 166404
27.49 147000
27.5 128184
27.51 133476
27.52 124656
27.53 124656
27.54 147588
27.55 169932
27.56 168168
27.57 164052
27.58 161700
27.59 160524
27.6 155820
27.61 139944
27.62 132300
27.63 148764
27.64 168756
27.65 178164
27.66 182280
27.67 199332
27.68 177576
27.69 151704
27.7 134064
27.71 133476
27.72 147000
27.73 172284
27.74 182868
27.75 187572
27.76 167580
27.77 158172
27.78 148764
27.79 141708
27.8 135828
27.81 155232
27.82 171108
27.83 170520
27.84 172284
27.85 181104
27.86 171108
27.87 151704
27.88 134652
27.89 150528
27.9 163464
27.91 179928
27.92 199920
27.93 189924
27.94 165228
27.95 147000
27.96 142884
27.97 151704
27.98 176400
27.99 169932
28 151704
28.01 153468
28.02 162876
28.03 172284
28.04 172284
28.05 170520
28.06 163464
28.07 149940
28.08 143472
28.09 157584
28.1 149352
28.11 138180
28.12 168168
28.13 189336
28.14 179340
28.15 170520
28.16 148764
28.17 150528
28.18 158172
28.19 152292
28.2 161112
28.21 166404
28.22 166404
28.23 185220
28.24 181104
28.25 196392
28.26 190512
28.27 164052
28.28 155232
28.29 158172
28.3 168756
28.31 169932
28.32 189336
28.33 185808
28.34 180516
28.35 193452
28.36 189924
28.37 186396
28.38 175812
28.39 144648
28.4 131712
28.41 140532
28.42 145236
28.43 162288
28.44 152880
28.45 154644
28.46 164640
28.47 161112
28.48 139356
28.49 138768
28.5 122892
28.51 125832
28.52 132300
28.53 142884
28.54 130536
28.55 132300
28.56 124068
28.57 144648
28.58 159348
28.59 167580
28.6 164640
28.61 135240
28.62 132888
28.63 131124
28.64 154056
28.65 152880
28.66 179340
28.67 176400
28.68 175224
28.69 172284
28.7 183456
28.71 166992
28.72 166992
28.73 159936
28.74 159348
28.75 180516
28.76 175224
28.77 175812
28.78 194040
28.79 185220
28.8 179928
28.81 174048
28.82 165228
28.83 152880
28.84 162876
28.85 183456
28.86 173460
28.87 165816
28.88 161112
28.89 182868
28.9 172872
28.91 169932
28.92 154056
28.93 138180
28.94 138180
28.95 143472
28.96 153468
28.97 169344
28.98 174048
28.99 158172
29 145236
29.01 137592
29.02 150528
29.03 147588
29.04 147588
29.05 144648
29.06 122892
29.07 114072
29.08 130536
29.09 141708
29.1 135828
29.11 129360
29.12 123480
29.13 115248
29.14 124068
29.15 115248
29.16 122304
29.17 121716
29.18 107604
29.19 128772
29.2 143472
29.21 144060
29.22 167580
29.23 149352
29.24 129948
29.25 138180
29.26 139944
29.27 139944
29.28 159348
29.29 165228
29.3 179340
29.31 186984
29.32 172872
29.33 164640
29.34 158172
29.35 151704
29.36 156408
29.37 155232
29.38 158172
29.39 169344
29.4 188160
29.41 202860
29.42 199332
29.43 183456
29.44 182280
29.45 161112
29.46 155820
29.47 164640
29.48 165228
29.49 156408
29.5 175224
29.51 175812
29.52 168168
29.53 169344
29.54 163464
29.55 156408
29.56 156408
29.57 169344
29.58 156408
29.59 156996
29.6 155232
29.61 151704
29.62 159936
29.63 158760
29.64 146412
29.65 142296
29.66 156408
29.67 173460
29.68 166992
29.69 170520
29.7 159936
29.71 141708
29.72 131124
29.73 128772
29.74 134064
29.75 144060
29.76 147588
29.77 156408
29.78 160524
29.79 172872
29.8 164052
29.81 153468
29.82 156408
29.83 162876
29.84 168756
29.85 168756
29.86 171696
29.87 176988
29.88 185220
29.89 184632
29.9 188160
29.91 174636
29.92 159348
29.93 153468
29.94 156408
29.95 179340
29.96 169932
29.97 175812
29.98 158172
29.99 139356
30 130536
30.01 132888
30.02 155232
30.03 151116
30.04 145236
30.05 151116
30.06 141708
30.07 120540
30.08 114072
30.09 118776
30.1 107016
30.11 144060
30.12 144060
30.13 148176
30.14 160524
30.15 166404
30.16 155232
30.17 136416
30.18 125832
30.19 147000
30.2 134652
30.21 133476
30.22 170520
30.23 184632
30.24 184632
30.25 189336
30.26 175812
30.27 169344
30.28 158172
30.29 166992
30.3 164052
30.31 159936
30.32 158760
30.33 172872
30.34 198156
30.35 191688
30.36 178752
30.37 159348
30.38 158760
30.39 154056
30.4 161112
30.41 169932
30.42 196392
30.43 178164
30.44 166404
30.45 137592
30.46 143472
30.47 149352
30.48 142884
30.49 147588
30.5 151116
30.51 147588
30.52 146412
30.53 152292
30.54 155232
30.55 137004
30.56 128772
30.57 145236
30.58 142296
30.59 141708
30.6 154644
30.61 155232
30.62 165816
30.63 172284
30.64 154056
30.65 151704
30.66 150528
30.67 170520
30.68 175224
30.69 181692
30.7 166992
30.71 164640
30.72 163464
30.73 172284
30.74 165816
30.75 178752
30.76 172284
30.77 165816
30.78 162876
30.79 164640
30.8 162288
30.81 159348
30.82 160524
30.83 165816
30.84 157584
30.85 159348
30.86 161700
30.87 159936
30.88 154056
30.89 145824
30.9 134652
30.91 131712
30.92 118188
30.93 117012
30.94 134064
30.95 142884
30.96 167580
30.97 150528
30.98 121128
30.99 125244
31 135828
31.01 149352
31.02 161112
31.03 155232
31.04 144060
31.05 137004
31.06 144648
31.07 164640
31.08 181692
31.09 177576
31.1 173460
31.11 169344
31.12 159936
31.13 168168
31.14 174636
31.15 152880
31.16 155232
31.17 159936
31.18 163464
31.19 165816
31.2 185808
31.21 189924
31.22 176400
31.23 149352
31.24 139944
31.25 136416
31.26 144060
31.27 141120
31.28 137004
31.29 122304
31.3 111720
31.31 132300
31.32 132300
31.33 132300
31.34 108780
31.35 131712
31.36 116424
31.37 113484
31.38 101136
31.39 99960
31.4 105840
31.41 117600
31.42 116424
31.43 134064
31.44 139356
31.45 121716
31.46 111132
31.47 127596
31.48 111720
31.49 110544
31.5 130536
31.51 137592
31.52 162876
31.53 145824
31.54 139356
31.55 141120
31.56 132888
31.57 122304
31.58 154644
31.59 157584
31.6 155820
31.61 152880
31.62 131124
31.63 145236
31.64 158172
31.65 165816
31.66 162876
31.67 177576
31.68 166992
31.69 158760
31.7 137004
31.71 127596
31.72 144648
31.73 141120
31.74 174636
31.75 172284
31.76 162876
31.77 164052
31.78 135828
31.79 129948
31.8 122892
31.81 139356
31.82 156996
31.83 163464
31.84 157584
31.85 138180
31.86 141120
31.87 154056
31.88 171696
31.89 157584
31.9 148764
31.91 129360
31.92 128184
31.93 124068
31.94 144648
31.95 163464
31.96 165816
31.97 165228
31.98 162288
31.99 142296
32 152292
32.01 139944
32.02 141120
32.03 169932
32.04 179340
32.05 186396
32.06 169344
32.07 151704
32.08 139356
32.09 161112
32.1 192864
32.11 189924
32.12 179928
32.13 176988
32.14 175812
32.15 169344
32.16 169344
32.17 179340
32.18 178752
32.19 187572
32.2 190512
32.21 165228
32.22 172284
32.23 166992
32.24 169344
32.25 177576
32.26 173460
32.27 172284
32.28 172284
32.29 186396
32.3 180516
32.31 189336
32.32 161700
32.33 147000
32.34 132300
32.35 152292
32.36 166992
32.37 189924
32.38 178164
32.39 170520
32.4 151116
32.41 140532
32.42 126420
32.43 119952
32.44 116424
32.45 142884
32.46 156408
32.47 145824
32.48 142884
32.49 117012
32.5 108192
32.51 119364
32.52 110544
32.53 113484
32.54 149940
32.55 162876
32.56 161700
32.57 141708
32.58 125832
32.59 134652
32.6 148764
32.61 157584
32.62 161700
32.63 157584
32.64 160524
32.65 172872
32.66 179928
32.67 179340
32.68 169932
32.69 166404
32.7 157584
32.71 174048
32.72 188748
32.73 184632
32.74 192276
32.75 189924
32.76 201096
32.77 199920
32.78 192276
32.79 179340
32.8 175224
32.81 186984
32.82 186984
32.83 189336
32.84 181104
32.85 174048
32.86 180516
32.87 169344
32.88 178752
32.89 168168
32.9 171696
32.91 171108
32.92 171696
32.93 182868
32.94 180516
32.95 164052
32.96 148764
32.97 149352
32.98 141708
32.99 139356
33 149352
33.01 146412
33.02 149940
33.03 156408
33.04 146412
33.05 143472
33.06 142884
33.07 137592
33.08 131712
33.09 146412
33.1 147588
33.11 142296
33.12 156996
33.13 152880
33.14 168756
33.15 161700
33.16 152880
33.17 164640
33.18 153468
33.19 160524
33.2 146412
33.21 141708
33.22 156408
33.23 172872
33.24 185808
33.25 191100
33.26 194628
33.27 184044
33.28 168756
33.29 156408
33.3 152880
33.31 160524
33.32 169932
33.33 159348
33.34 166992
33.35 192276
33.36 181104
33.37 172872
33.38 161700
33.39 165228
33.4 163464
33.41 166404
33.42 159348
33.43 163464
33.44 142884
33.45 140532
33.46 152292
33.47 177576
33.48 191100
33.49 168756
33.5 184044
33.51 162876
33.52 151116
33.53 139356
33.54 129360
33.55 154644
33.56 162288
33.57 164052
33.58 159936
33.59 165816
33.6 159936
33.61 158760
33.62 145236
33.63 132888
33.64 148764
33.65 147000
33.66 146412
33.67 131124
33.68 126420
33.69 141708
33.7 154644
33.71 158172
33.72 152292
33.73 162288
33.74 149352
33.75 143472
33.76 132300
33.77 156408
33.78 158760
33.79 160524
33.8 173460
33.81 192864
33.82 192276
33.83 181104
33.84 161112
33.85 158172
33.86 171108
33.87 170520
33.88 172872
33.89 194628
33.9 177576
33.91 171696
33.92 184632
33.93 194040
33.94 195804
33.95 184632
33.96 181104
33.97 165228
33.98 166404
33.99 156996
34 154644
34.01 157584
34.02 164640
34.03 156408
34.04 154056
34.05 146412
34.06 117012
34.07 105840
34.08 111720
34.09 119364
34.1 108192
34.11 115836
34.12 113484
34.13 105840
34.14 98784
34.15 92904
34.16 87612
34.17 105840
34.18 118188
34.19 125832
34.2 142884
34.21 118776
34.22 106428
34.23 107016
34.24 98196
34.25 96432
34.26 108192
34.27 144060
34.28 169344
34.29 137592
34.3 131124
34.31 121128
34.32 115248
34.33 115836
34.34 128184
34.35 145824
34.36 144060
34.37 147000
34.38 158760
34.39 141708
34.4 127596
34.41 124656
34.42 120540
34.43 139356
34.44 147000
34.45 145824
34.46 133476
34.47 130536
34.48 152292
34.49 135240
34.5 145236
34.51 158760
34.52 157584
34.53 149940
34.54 128184
34.55 138768
34.56 134652
34.57 145236
34.58 156408
34.59 167580
34.6 162288
34.61 168168
34.62 166404
34.63 144648
34.64 134064
34.65 148764
34.66 145236
34.67 145236
34.68 142884
34.69 156408
34.7 164640
34.71 167580
34.72 159936
34.73 158172
34.74 147588
34.75 144648
34.76 137004
34.77 135828
34.78 139356
34.79 144648
34.8 187572
34.81 188160
34.82 166404
34.83 162288
34.84 158172
34.85 142884
34.86 149352
34.87 168168
34.88 165816
34.89 172284
34.9 156408
34.91 176400
34.92 158172
34.93 155232
34.94 170520
34.95 174048
34.96 172284
34.97 159348
34.98 153468
34.99 148764
35 133476
35.01 173460
35.02 160524
35.03 168168
35.04 154644
35.05 158172
35.06 165228
35.07 169932
35.08 164640
35.09 147588
35.1 151116
35.11 132888
35.12 141120
35.13 152880
35.14 169344
35.15 165816
35.16 175812
35.17 152292
35.18 138768
35.19 146412
35.2 148176
35.21 151704
35.22 165228
35.23 167580
35.24 152880
35.25 168756
35.26 169344
35.27 188748
35.28 185220
35.29 171108
35.3 162288
35.31 169344
35.32 185808
35.33 181104
35.34 165816
35.35 166404
35.36 185808
35.37 179928
35.38 178164
35.39 156996
35.4 156996
35.41 175812
35.42 166404
35.43 166992
35.44 158760
35.45 138768
35.46 134064
35.47 145236
35.48 154644
35.49 152880
35.5 145824
35.51 168756
35.52 164052
35.53 148764
35.54 139356
35.55 142296
35.56 141708
35.57 137004
35.58 137592
35.59 153468
35.6 164640
35.61 157584
35.62 174636
35.63 165228
35.64 162288
35.65 148764
35.66 144648
35.67 143472
35.68 174048
35.69 176988
35.7 183456
35.71 155232
35.72 137004
35.73 166404
35.74 181104
35.75 189336
35.76 195804
35.77 180516
35.78 169932
35.79 186396
35.8 164640
35.81 169932
35.82 172284
35.83 177576
35.84 176400
35.85 205800
35.86 215208
35.87 206976
35.88 180516
35.89 178752
35.9 158172
35.91 161112
35.92 183456
35.93 185808
35.94 169932
35.95 165228
35.96 183456
35.97 184044
35.98 166404
35.99 166404
36 165816
36.01 156408
36.02 154056
36.03 142884
36.04 155232
36.05 166404
36.06 168756
36.07 161112
36.08 161112
36.09 156996
36.1 145236
36.11 149352
36.12 162288
36.13 166992
36.14 165816
36.15 174636
36.16 155232
36.17 156996
36.18 138768
36.19 139944
36.2 189336
36.21 191100
36.22 195804
36.23 194040
36.24 175224
36.25 159936
36.26 168168
36.27 180516
36.28 182868
36.29 175224
36.3 162288
36.31 167580
36.32 184044
36.33 192276
36.34 184632
36.35 167580
36.36 172872
36.37 166404
36.38 147588
36.39 135240
36.4 154056
36.41 154056
36.42 161700
36.43 161700
36.44 144060
36.45 150528
36.46 157584
36.47 163464
36.48 155232
36.49 145824
36.5 125832
36.51 111132
36.52 121128
36.53 138768
36.54 153468
36.55 171696
36.56 175224
36.57 161700
36.58 138768
36.59 132888
36.6 122892
36.61 132300
36.62 141120
36.63 162288
36.64 172872
36.65 168168
36.66 174048
36.67 162288
36.68 166404
36.69 165816
36.7 144648
36.71 144060
36.72 121716
36.73 135240
36.74 153468
36.75 166992
36.76 172872
36.77 159348
36.78 161700
36.79 145236
36.8 141708
36.81 121716
36.82 141708
36.83 137592
36.84 144060
36.85 165816
36.86 167580
36.87 163464
36.88 162288
36.89 168756
36.9 170520
36.91 167580
36.92 177576
36.93 172284
36.94 164052
36.95 155820
36.96 164052
36.97 174636
36.98 169932
36.99 172872
37 178752
37.01 188748
37.02 174048
37.03 158760
37.04 155232
37.05 155232
37.06 158172
37.07 179340
37.08 178752
37.09 156996
37.1 140532
37.11 131124
37.12 138768
37.13 149352
37.14 157584
37.15 161112
37.16 155820
37.17 157584
37.18 145824
37.19 132888
37.2 147588
37.21 149352
37.22 152880
37.23 155820
37.24 152880
37.25 164052
37.26 175812
37.27 178752
37.28 193452
37.29 169932
37.3 157584
37.31 147000
37.32 154056
37.33 171108
37.34 167580
37.35 188160
37.36 184632
37.37 189336
37.38 185220
37.39 161700
37.4 156408
37.41 147588
37.42 153468
37.43 173460
37.44 170520
37.45 155820
37.46 165816
37.47 168756
37.48 149940
37.49 155820
37.5 169344
37.51 163464
37.52 164052
37.53 169344
37.54 181692
37.55 169932
37.56 158172
37.57 146412
37.58 150528
37.59 165816
37.6 205800
37.61 200508
37.62 184044
37.63 185808
37.64 169344
37.65 150528
37.66 163464
37.67 183456
37.68 179340
37.69 172872
37.7 183456
37.71 192864
37.72 192276
37.73 186396
37.74 178164
37.75 172872
37.76 164052
37.77 158172
37.78 182280
37.79 183456
37.8 178164
37.81 184632
37.82 174636
37.83 155820
37.84 164052
37.85 159348
37.86 147588
37.87 153468
37.88 166992
37.89 166404
37.9 152880
37.91 157584
37.92 147000
37.93 149940
37.94 161112
37.95 137592
37.96 142296
37.97 145824
37.98 134652
37.99 131712
38 131124
38.01 126420
38.02 131712
38.03 153468
38.04 175812
38.05 158172
38.06 144648
38.07 128184
38.08 120540
38.09 159348
38.1 165816
38.11 186396
38.12 165228
38.13 171696
38.14 150528
38.15 134652
38.16 134652
38.17 161112
38.18 161112
38.19 163464
38.2 165816
38.21 183456
38.22 200508
38.23 180516
38.24 154056
38.25 146412
38.26 155820
38.27 173460
38.28 185220
38.29 195216
38.3 190512
38.31 199920
38.32 187572
38.33 176988
38.34 168168
38.35 169344
38.36 162876
38.37 162876
38.38 149352
38.39 151116
38.4 147000
38.41 161112
38.42 169932
38.43 156408
38.44 152880
38.45 136416
38.46 134652
38.47 139356
38.48 126420
38.49 132300
38.5 138768
38.51 144648
38.52 153468
38.53 165228
38.54 156996
38.55 155232
38.56 148176
38.57 130536
38.58 138768
38.59 162288
38.6 157584
38.61 193452
38.62 178752
38.63 156996
38.64 157584
38.65 154056
38.66 166992
38.67 187572
38.68 182280
38.69 181104
38.7 163464
38.71 167580
38.72 166404
38.73 175224
38.74 172872
38.75 189336
38.76 204624
38.77 185808
38.78 165816
38.79 172872
38.8 186396
38.81 172872
38.82 168168
38.83 144060
38.84 157584
38.85 158172
38.86 154056
38.87 168756
38.88 155820
38.89 153468
38.9 132300
38.91 124068
38.92 129360
38.93 155232
38.94 168168
38.95 154644
38.96 138180
38.97 133476
38.98 141708
38.99 136416
39 138180
39.01 134652
39.02 137592
39.03 169932
39.04 159936
39.05 141120
39.06 135828
39.07 123480
39.08 124656
39.09 141708
39.1 158760
39.11 163464
39.12 154644
39.13 154644
39.14 139944
39.15 154644
39.16 144648
39.17 130536
39.18 131124
39.19 137004
39.2 134064
39.21 152880
39.22 154056
39.23 160524
39.24 152292
39.25 144648
39.26 139356
39.27 143472
39.28 156996
39.29 160524
39.3 164052
39.31 152880
39.32 156408
39.33 154644
39.34 149940
39.35 158760
39.36 158172
39.37 172872
39.38 162288
39.39 159936
39.4 152880
39.41 143472
39.42 157584
39.43 153468
39.44 132300
39.45 111720
39.46 105840
39.47 131124
39.48 159348
39.49 171108
39.5 156996
39.51 126420
39.52 134064
39.53 148176
39.54 143472
39.55 137004
39.56 138768
39.57 168756
39.58 176988
39.59 168756
39.6 167580
39.61 164640
39.62 176988
39.63 169344
39.64 163464
39.65 152292
39.66 141708
39.67 142296
39.68 148176
39.69 163464
39.7 178164
39.71 175812
39.72 172284
39.73 161112
39.74 159348
39.75 137592
39.76 142884
39.77 129948
39.78 139356
39.79 151116
39.8 159936
39.81 166992
39.82 148764
39.83 140532
39.84 137004
39.85 141708
39.86 122304
39.87 118188
39.88 134652
39.89 131712
39.9 147000
39.91 149352
39.92 166404
39.93 178164
39.94 160524
39.95 152880
39.96 139944
39.97 139356
39.98 139944
39.99 140532
40 150528
40.01 166992
40.02 176988
40.03 175812
40.04 168168
40.05 162876
40.06 147588
40.07 135828
40.08 138768
40.09 147000
40.1 163464
40.11 157584
40.12 152880
40.13 155820
40.14 162876
40.15 159936
40.16 160524
40.17 147588
40.18 153468
40.19 149940
40.2 142884
40.21 156408
40.22 169344
40.23 169344
40.24 172284
40.25 182280
40.26 167580
40.27 144648
40.28 152880
40.29 163464
40.3 190512
40.31 201096
40.32 202272
40.33 201684
40.34 186396
40.35 165228
40.36 160524
40.37 189924
40.38 172872
40.39 181692
40.4 194628
40.41 189924
40.42 179340
40.43 181104
40.44 179928
40.45 202272
40.46 176988
40.47 155232
40.48 151704
40.49 142296
40.5 168756
40.51 183456
40.52 180516
40.53 167580
40.54 154056
40.55 153468
40.56 166992
40.57 161700
40.58 143472
40.59 138768
40.6 122892
40.61 139356
40.62 133476
40.63 135828
40.64 142296
40.65 160524
40.66 136416
40.67 113484
40.68 99372
40.69 104664
40.7 121128
40.71 137592
40.72 158172
40.73 142884
40.74 134652
40.75 131712
40.76 147000
40.77 143472
40.78 155820
40.79 157584
40.8 149940
40.81 143472
40.82 151704
40.83 141120
40.84 166992
40.85 177576
40.86 161700
40.87 155232
40.88 180516
40.89 163464
40.9 142296
40.91 137004
40.92 127596
40.93 163464
40.94 158172
40.95 163464
40.96 162288
40.97 164640
40.98 175812
40.99 158760
41 161700
41.01 164640
41.02 166404
41.03 148176
41.04 147588
41.05 159348
41.06 168756
41.07 183456
41.08 197568
41.09 187572
41.1 181692
41.11 168756
41.12 164052
41.13 167580
41.14 162288
41.15 169932
41.16 173460
41.17 186984
41.18 184044
41.19 178164
41.2 169932
41.21 178752
41.22 156996
41.23 157584
41.24 144060
41.25 149940
41.26 151704
41.27 155232
41.28 164052
41.29 159348
41.3 152292
41.31 154644
41.32 153468
41.33 156996
41.34 151116
41.35 157584
41.36 169932
41.37 176400
41.38 156996
41.39 152880
41.4 157584
41.41 166992
41.42 175224
41.43 173460
41.44 192864
41.45 193452
41.46 177576
41.47 204036
41.48 202272
41.49 186984
41.5 181104
41.51 159348
41.52 172284
41.53 181104
41.54 188748
41.55 184044
41.56 198744
41.57 194040
41.58 186984
41.59 188160
41.6 182280
41.61 181104
41.62 175224
41.63 164052
41.64 169344
41.65 168168
41.66 163464
41.67 174636
41.68 168168
41.69 175224
41.7 179928
41.71 166992
41.72 162876
41.73 150528
41.74 150528
41.75 157584
41.76 159348
41.77 144648
41.78 147588
41.79 156996
41.8 165816
41.81 156996
41.82 152880
41.83 134652
41.84 129360
41.85 131712
41.86 160524
41.87 153468
41.88 148176
41.89 153468
41.9 152292
41.91 152292
41.92 173460
41.93 163464
41.94 158172
41.95 154056
41.96 155820
41.97 156408
41.98 157584
41.99 164640
42 175812
42.01 174048
42.02 174048
42.03 183456
42.04 188160
42.05 179340
42.06 186984
42.07 176988
42.08 178752
42.09 174636
42.1 162288
42.11 168756
42.12 179340
42.13 191100
42.14 188748
42.15 178164
42.16 176988
42.17 154644
42.18 148764
42.19 182280
42.2 181104
42.21 165816
42.22 154644
42.23 142884
42.24 139944
42.25 159936
42.26 162288
42.27 176988
42.28 171696
42.29 175224
42.3 159348
42.31 154056
42.32 141708
42.33 159348
42.34 155820
42.35 169344
42.36 169932
42.37 183456
42.38 178164
42.39 169344
42.4 156996
42.41 161700
42.42 171696
42.43 182868
42.44 172284
42.45 167580
42.46 173460
42.47 202272
42.48 188748
42.49 170520
42.5 186984
42.51 182868
42.52 166404
42.53 166992
42.54 167580
42.55 167580
42.56 176400
42.57 174636
42.58 157584
42.59 155232
42.6 141120
42.61 125832
42.62 135828
42.63 162288
42.64 162288
42.65 163464
42.66 151116
42.67 138180
42.68 119952
42.69 104076
42.7 131712
42.71 162288
42.72 168756
42.73 145824
42.74 153468
42.75 157584
42.76 139944
42.77 124068
42.78 138768
42.79 117012
42.8 112308
42.81 149940
42.82 168756
42.83 178752
42.84 169344
42.85 161700
42.86 164052
42.87 147588
42.88 154056
42.89 132300
42.9 146412
42.91 138768
42.92 161112
42.93 169344
42.94 183456
42.95 187572
42.96 188748
42.97 181692
42.98 186984
42.99 169932
43 162876
43.01 152880
43.02 145236
43.03 159936
43.04 171108
43.05 185220
43.06 192864
43.07 188160
43.08 176988
43.09 162876
43.1 153468
43.11 132300
43.12 106428
43.13 128772
43.14 129360
43.15 142296
43.16 161700
43.17 154056
43.18 147000
43.19 145236
43.2 120540
43.21 107604
43.22 107016
43.23 105252
43.24 104076
43.25 121716
43.26 149940
43.27 156408
43.28 152292
43.29 138180
43.3 128772
43.31 115836
43.32 134652
43.33 149352
43.34 146412
43.35 137592
43.36 137004
43.37 157584
43.38 145824
43.39 149940
43.4 172872
43.41 165228
43.42 153468
43.43 154644
43.44 161700
43.45 162876
43.46 174636
43.47 182868
43.48 195804
43.49 184632
43.5 166992
43.51 158760
43.52 159936
43.53 184044
43.54 195216
43.55 192276
43.56 182280
43.57 174636
43.58 174048
43.59 156996
43.6 144648
43.61 138768
43.62 144060
43.63 137004
43.64 132300
43.65 169932
43.66 164640
43.67 152292
43.68 149352
43.69 131124
43.7 133476
43.71 125832
43.72 141120
43.73 139356
43.74 159348
43.75 153468
43.76 140532
43.77 154644
43.78 156996
43.79 148176
43.8 144648
43.81 162288
43.82 151704
43.83 146412
43.84 150528
43.85 152880
43.86 164640
43.87 188748
43.88 181692
43.89 182280
43.9 161112
43.91 149352
43.92 166992
43.93 186396
43.94 189924
43.95 195804
43.96 191100
43.97 173460
43.98 178164
43.99 169932
44 176400
44.01 176400
44.02 182280
44.03 188748
44.04 203448
44.05 192276
44.06 188748
44.07 160524
44.08 150528
44.09 155820
44.1 157584
44.11 167580
44.12 153468
44.13 161700
44.14 154056
44.15 164640
44.16 170520
44.17 164052
44.18 172284
44.19 156408
44.2 138180
44.21 145824
44.22 148176
44.23 163464
44.24 164640
44.25 181692
44.26 186396
44.27 186984
44.28 186396
44.29 178164
44.3 165816
44.31 157584
44.32 169932
44.33 177576
44.34 181104
44.35 204036
44.36 205212
44.37 204624
44.38 211092
44.39 201096
44.4 181692
44.41 182868
44.42 179340
44.43 157584
44.44 184044
44.45 197568
44.46 200508
44.47 186396
44.48 178164
44.49 176988
44.5 179928
44.51 165228
44.52 165228
44.53 160524
44.54 149940
44.55 160524
44.56 161112
44.57 151116
44.58 148176
44.59 149940
44.6 164052
44.61 137592
44.62 164052
44.63 159348
44.64 148764
44.65 118188
44.66 104664
44.67 95844
44.68 133476
44.69 171108
44.7 171696
44.71 156996
44.72 148176
44.73 159348
44.74 147588
44.75 155232
44.76 134064
44.77 142884
44.78 141120
44.79 143472
44.8 142296
44.81 165228
44.82 154644
44.83 158172
44.84 148176
44.85 140532
44.86 131124
44.87 133476
44.88 142296
44.89 141708
44.9 127008
44.91 135240
44.92 157584
44.93 157584
44.94 164640
44.95 169344
44.96 168168
44.97 170520
44.98 168168
44.99 159348
45 142296
45.01 156996
45.02 155232
45.03 187572
45.04 183456
45.05 178752
45.06 189336
45.07 169344
45.08 170520
45.09 184632
45.1 169344
45.11 166992
45.12 184044
45.13 181692
45.14 172872
45.15 170520
45.16 162288
45.17 145824
45.18 150528
45.19 160524
45.2 169932
45.21 160524
45.22 150528
45.23 149352
45.24 133476
45.25 138768
45.26 117600
45.27 131124
45.28 147000
45.29 141120
45.3 148176
45.31 133476
45.32 130536
45.33 139356
45.34 148764
45.35 142884
45.36 139944
45.37 151116
45.38 161112
45.39 196980
45.4 183456
45.41 170520
45.42 169344
45.43 162288
45.44 173460
45.45 181104
45.46 187572
45.47 191100
45.48 196392
45.49 205800
45.5 191100
45.51 175812
45.52 156996
45.53 171108
45.54 172872
45.55 162876
45.56 173460
45.57 174636
45.58 178164
45.59 176988
45.6 163464
45.61 144060
45.62 140532
45.63 134064
45.64 126420
45.65 156996
45.66 151116
45.67 156996
45.68 137004
45.69 119952
45.7 108780
45.71 112896
45.72 143472
45.73 138180
45.74 128184
45.75 126420
45.76 132300
45.77 128184
45.78 137004
45.79 144060
45.8 157584
45.81 152880
45.82 160524
45.83 172284
45.84 170520
45.85 154056
45.86 143472
45.87 148764
45.88 154644
45.89 172284
45.9 161112
45.91 168756
45.92 177576
45.93 175224
45.94 179340
45.95 171108
45.96 155232
45.97 147000
45.98 159348
45.99 176400
46 168756
46.01 154644
46.02 145236
46.03 144648
46.04 175812
46.05 194628
46.06 168168
46.07 157584
46.08 153468
46.09 162288
46.1 149352
46.11 142296
46.12 144648
46.13 151704
46.14 147588
46.15 179928
46.16 175812
46.17 166992
46.18 155232
46.19 144060
46.2 134652
46.21 135828
46.22 144648
46.23 138180
46.24 141708
46.25 141708
46.26 135828
46.27 143472
46.28 144060
46.29 121716
46.3 120540
46.31 127008
46.32 140532
46.33 143472
46.34 149940
46.35 148764
46.36 123480
46.37 130536
46.38 135828
46.39 145824
46.4 158172
46.41 174636
46.42 178752
46.43 159348
46.44 152880
46.45 156408
46.46 156408
46.47 169344
46.48 166404
46.49 152292
46.5 174048
46.51 188748
46.52 199332
46.53 192276
46.54 187572
46.55 184044
46.56 174048
46.57 184044
46.58 179340
46.59 175224
46.6 190512
46.61 180516
46.62 189924
46.63 196980
46.64 204624
46.65 207564
46.66 183456
46.67 182868
46.68 161700
46.69 169344
46.7 155232
46.71 160524
46.72 158760
46.73 156996
46.74 155232
46.75 151116
46.76 152880
46.77 155820
46.78 145824
46.79 148764
46.8 156408
46.81 155232
46.82 144648
46.83 122304
46.84 123480
46.85 125832
46.86 154056
46.87 167580
46.88 172872
46.89 168756
46.9 165228
46.91 160524
46.92 142884
46.93 127596
46.94 133476
46.95 162288
46.96 192864
46.97 189336
46.98 177576
46.99 162876
47 174636
47.01 166992
47.02 155232
47.03 154056
47.04 162288
47.05 175812
47.06 173460
47.07 174048
47.08 166404
47.09 166992
47.1 150528
47.11 138768
47.12 156408
47.13 162876
47.14 191100
47.15 158760
47.16 132300
47.17 112308
47.18 113484
47.19 121128
47.2 132888
47.21 148764
47.22 144060
47.23 145824
47.24 144060
47.25 138768
47.26 132300
47.27 132888
47.28 132888
47.29 122892
47.3 124656
47.31 129360
47.32 161700
47.33 179340
47.34 174048
47.35 174048
47.36 162288
47.37 147588
47.38 154644
47.39 158760
47.4 177576
47.41 191100
47.42 184044
47.43 161700
47.44 175812
47.45 175812
47.46 177576
47.47 182868
47.48 184044
47.49 163464
47.5 141708
47.51 141120
47.52 136416
47.53 144060
47.54 149352
47.55 164052
47.56 143472
47.57 137004
47.58 139356
47.59 141120
47.6 127596
47.61 143472
47.62 131712
47.63 138768
47.64 143472
47.65 134652
47.66 148764
47.67 151704
47.68 161112
47.69 152880
47.7 153468
47.71 167580
47.72 171108
47.73 165228
47.74 171108
47.75 175812
47.76 170520
47.77 161112
47.78 184632
47.79 184044
47.8 171108
47.81 194040
47.82 188748
47.83 169932
47.84 169344
47.85 179928
47.86 186396
47.87 181104
47.88 172872
47.89 165228
47.9 162876
47.91 162876
47.92 159348
47.93 161700
47.94 161112
47.95 174636
47.96 160524
47.97 148176
47.98 141120
47.99 113484
48 124656
48.01 128184
48.02 127596
48.03 134064
48.04 155820
48.05 161112
48.06 145236
48.07 132888
48.08 119952
48.09 120540
48.1 131124
48.11 159348
48.12 165816
48.13 152292
48.14 153468
48.15 143472
48.16 148176
48.17 140532
48.18 140532
48.19 154056
48.2 149940
48.21 150528
48.22 184632
48.23 181104
48.24 167580
48.25 152880
48.26 164640
48.27 156996
48.28 164052
48.29 166404
48.3 166992
48.31 169932
48.32 198744
48.33 175224
48.34 165228
48.35 154056
48.36 156996
48.37 150528
48.38 148764
48.39 158172
48.4 174048
48.41 200508
48.42 191688
48.43 174636
48.44 145824
48.45 137592
48.46 161112
48.47 174048
48.48 177576
48.49 165816
48.5 181692
48.51 202860
48.52 182280
48.53 168168
48.54 149352
48.55 167580
48.56 170520
48.57 165228
48.58 172284
48.59 178164
48.6 179928
48.61 174636
48.62 144648
48.63 141120
48.64 154056
48.65 158760
48.66 164640
48.67 166404
48.68 173460
48.69 154644
48.7 141708
48.71 128772
48.72 132300
48.73 129360
48.74 119364
48.75 130536
48.76 149940
48.77 169344
48.78 160524
48.79 151116
48.8 142296
48.81 125832
48.82 124068
48.83 129948
48.84 148764
48.85 151704
48.86 154056
48.87 164640
48.88 163464
48.89 173460
48.9 168168
48.91 183456
48.92 171108
48.93 151704
48.94 144060
48.95 149352
48.96 167580
48.97 169932
48.98 167580
48.99 172284
49 186984
49.01 179928
49.02 172872
49.03 150528
49.04 127596
49.05 137592
49.06 130536
49.07 141120
49.08 165228
49.09 174636
49.1 175812
49.11 156408
49.12 146412
49.13 144648
49.14 128184
49.15 111720
49.16 128184
49.17 128772
49.18 137004
49.19 138180
49.2 152292
49.21 139356
49.22 136416
49.23 121128
49.24 129948
49.25 137004
49.26 114072
49.27 108192
49.28 127596
49.29 142296
49.3 163464
49.31 169932
49.32 149940
49.33 142884
49.34 123480
49.35 125832
49.36 139944
49.37 125244
49.38 153468
49.39 154056
49.4 138768
49.41 137592
49.42 132888
49.43 139944
49.44 138180
49.45 143472
49.46 139356
49.47 125832
49.48 119952
49.49 104664
49.5 125244
49.51 144060
49.52 149940
49.53 139356
49.54 138180
49.55 137004
49.56 134652
49.57 127596
49.58 154056
49.59 164052
49.6 152292
49.61 140532
49.62 159348
49.63 168168
49.64 167580
49.65 168168
49.66 172872
49.67 171108
49.68 158760
49.69 161112
49.7 161112
49.71 167580
49.72 164640
49.73 166404
49.74 189924
49.75 182868
49.76 161112
49.77 146412
49.78 143472
49.79 137004
49.8 169344
49.81 183456
49.82 179340
49.83 169344
49.84 156996
49.85 142884
49.86 129948
49.87 135240
49.88 138768
49.89 147000
49.9 151704
49.91 142296
49.92 137592
49.93 144648
49.94 148764
49.95 138768
49.96 114072
49.97 118188
49.98 137004
49.99 138768
