0.01 0
0.02 0
0.03 0
0.04 0
0.05 0
0.06 0
0.07 0
0.08 0
0.09 0
0.1 0
0.11 0
0.12 0
0.13 0
0.14 0
0.15 0
0.16 0
0.17 0
0.18 0
0.19 0
0.2 0
0.21 0
0.22 0
0.23 0
0.24 0
0.25 0
0.26 0
0.27 0
0.28 31164
0.29 0
0.3 0
0.31 0
0.32 18228
0.33 74088
0.34 115248
0.35 79380
0.36 121716
0.37 167580
0.38 209328
0.39 256956
0.4 309288
0.41 313992
0.42 335748
0.43 339276
0.44 333984
0.45 329280
0.46 324576
0.47 313404
0.48 304584
0.49 293412
0.5 269892
0.51 242256
0.52 215208
0.53 188748
0.54 144060
0.55 133476
0.56 112896
0.57 92904
0.58 71148
0.59 52920
0.6 38220
0.61 37044
0.62 37632
0.63 37632
0.64 31752
0.65 21756
0.66 12348
0.67 11760
0.68 7644
0.69 0
0.7 0
0.71 0
0.72 0
0.73 0
0.74 0
0.75 0
0.76 0
0.77 0
0.78 0
0.79 0
0.8 0
0.81 0
0.82 0
0.83 0
0.84 0
0.85 0
0.86 0
0.87 0
0.88 0
0.89 0
0.9 0
0.91 0
0.92 0
0.93 0
0.94 0
0.95 0
0.96 0
0.97 0
0.98 0
0.99 0
1 0
1.01 0
1.02 0
1.03 0
1.04 0
1.05 0
1.06 0
1.07 0
1.08 0
1.09 0
1.1 0
1.11 0
1.12 0
1.13 0
1.14 0
1.15 0
1.16 0
1.17 0
1.18 0
1.19 0
1.2 0
1.21 0
1.22 0
1.23 588
1.24 1176
1.25 2940
1.26 2940
1.27 2940
1.28 3528
1.29 4116
1.3 5292
1.31 7644
1.32 7056
1.33 7056
1.34 8820
1.35 8820
1.36 10584
1.37 11760
1.38 11172
1.39 11760
1.4 12936
1.41 14112
1.42 1764
1.43 0
1.44 0
1.45 0
1.46 0
1.47 0
1.48 0
1.49 0
1.5 0
1.51 0
1.52 0
1.53 0
1.54 0
1.55 0
1.56 0
1.57 0
1.58 0
1.59 0
1.6 0
1.61 0
1.62 0
1.63 0
1.64 0
1.65 0
1.66 0
1.67 0
1.68 0
1.69 0
1.7 0
1.71 0
1.72 0
1.73 0
1.74 0
1.75 0
1.76 0
1.77 0
1.78 0
1.79 2940
1.8 4116
1.81 7056
1.82 6468
1.83 8232
1.84 18228
1.85 18228
1.86 19404
1.87 21756
1.88 21168
1.89 22932
1.9 23520
1.91 24108
1.92 25284
1.93 27048
1.94 27048
1.95 28812
1.96 29400
1.97 29400
1.98 31164
1.99 32340
2 31752
2.01 32928
2.02 34104
2.03 34692
2.04 36456
2.05 38220
2.06 37632
2.07 38808
2.08 40572
2.09 40572
2.1 42336
2.11 44100
2.12 43512
2.13 44688
2.14 46452
2.15 46452
2.16 48216
2.17 49980
2.18 49392
2.19 50568
2.2 52332
2.21 52332
2.22 52920
2.23 55272
2.24 54684
2.25 55272
2.26 57036
2.27 58212
2.28 58800
2.29 60564
2.3 60564
2.31 61152
2.32 62916
2.33 64092
2.34 64092
2.35 64680
2.36 65856
2.37 66444
2.38 67620
2.39 67620
2.4 69384
2.41 69384
2.42 69384
2.43 71736
2.44 71736
2.45 72912
2.46 74088
2.47 74676
2.48 75264
2.49 75852
2.5 76440
2.51 77616
2.52 78792
2.53 79380
2.54 81144
2.55 81732
2.56 81732
2.57 82320
2.58 83496
2.59 83496
2.6 85260
2.61 87024
2.62 86436
2.63 88200
2.64 89376
2.65 88788
2.66 89964
2.67 91728
2.68 92316
2.69 92316
2.7 94080
2.71 94668
2.72 94668
2.73 96432
2.74 97020
2.75 97020
2.76 98196
2.77 98784
2.78 99960
2.79 100548
2.8 101136
2.81 102312
2.82 103488
2.83 103488
2.84 104076
2.85 105252
2.86 105840
2.87 106428
2.88 108192
2.89 108780
2.9 109368
2.91 109956
2.92 109368
2.93 110544
2.94 111132
2.95 111720
2.96 112896
2.97 114072
2.98 114072
2.99 114660
3 114660
3.01 115836
3.02 116424
3.03 117012
3.04 118188
3.05 119364
3.06 119364
3.07 119952
3.08 121128
3.09 121716
3.1 122304
3.11 123480
3.12 123480
3.13 124068
3.14 125832
3.15 125832
3.16 127596
3.17 128184
3.18 128184
3.19 129360
3.2 130536
3.21 129948
3.22 131124
3.23 131712
3.24 132300
3.25 132300
3.26 134064
3.27 134064
3.28 135240
3.29 136416
3.3 136416
3.31 137004
3.32 138768
3.33 138768
3.34 139356
3.35 140532
3.36 141120
3.37 141708
3.38 143472
3.39 143472
3.4 144060
3.41 145236
3.42 145236
3.43 145236
3.44 147000
3.45 147000
3.46 147588
3.47 149352
3.48 149940
3.49 150528
3.5 151704
3.51 151704
3.52 152292
3.53 153468
3.54 152880
3.55 154056
3.56 155232
3.57 155820
3.58 156408
3.59 156996
3.6 158172
3.61 159348
3.62 158760
3.63 159936
3.64 161700
3.65 161700
3.66 162288
3.67 162876
3.68 163464
3.69 164052
3.7 165228
3.71 165816
3.72 165816
3.73 168168
3.74 168168
3.75 168168
3.76 168756
3.77 169344
3.78 169932
3.79 171108
3.8 171108
3.81 171696
3.82 173460
3.83 174048
3.84 174048
3.85 175224
3.86 175224
3.87 176400
3.88 177576
3.89 176988
3.9 178164
3.91 179928
3.92 179928
3.93 179340
3.94 181104
3.95 181104
3.96 181692
3.97 182868
3.98 182280
3.99 182868
4 184044
4.01 183456
4.02 183456
4.03 174636
4.04 174048
4.05 175812
4.06 176988
4.07 176988
4.08 177576
4.09 177576
4.1 152292
4.11 152880
4.12 154056
4.13 154056
4.14 154644
4.15 155232
4.16 155820
4.17 155820
4.18 156408
4.19 157584
4.2 158760
4.21 158172
4.22 159348
4.23 160524
4.24 160524
4.25 160524
4.26 162288
4.27 162876
4.28 163464
4.29 164052
4.3 164052
4.31 164640
4.32 157584
4.33 152292
4.34 153468
4.35 154644
4.36 154644
4.37 155820
4.38 156408
4.39 145236
4.4 145824
4.41 146412
4.42 145824
4.43 147000
4.44 148176
4.45 148176
4.46 149352
4.47 151116
4.48 151116
4.49 151704
4.5 151704
4.51 151704
4.52 152880
4.53 154056
4.54 154644
4.55 155232
4.56 156996
4.57 156996
4.58 156996
4.59 158172
4.6 153468
4.61 153468
4.62 154644
4.63 155232
4.64 156408
4.65 157584
4.66 149352
4.67 141120
4.68 137004
4.69 137004
4.7 137592
4.71 139356
4.72 138768
4.73 139944
4.74 141120
4.75 141120
4.76 142296
4.77 142884
4.78 143472
4.79 144060
4.8 145236
4.81 145824
4.82 147000
4.83 147000
4.84 147588
4.85 149352
4.86 148764
4.87 149352
4.88 150528
4.89 150528
4.9 151704
4.91 152880
4.92 152292
4.93 154056
4.94 154644
4.95 154644
4.96 155232
4.97 155820
4.98 156996
4.99 157584
5 158172
5.01 158172
5.02 159936
5.03 161112
5.04 160524
5.05 160524
5.06 162876
5.07 162288
5.08 162288
5.09 162876
5.1 163464
5.11 165228
5.12 165816
5.13 165228
5.14 166992
5.15 167580
5.16 166992
5.17 167580
5.18 169344
5.19 169344
5.2 169932
5.21 170520
5.22 170520
5.23 172284
5.24 172872
5.25 172872
5.26 172872
5.27 174636
5.28 174636
5.29 175224
5.3 175812
5.31 168168
5.32 155232
5.33 156408
5.34 156408
5.35 156996
5.36 158172
5.37 158760
5.38 158760
5.39 159348
5.4 160524
5.41 161700
5.42 162288
5.43 162288
5.44 164052
5.45 164640
5.46 164640
5.47 165816
5.48 166404
5.49 166992
5.5 168756
5.51 168168
5.52 168756
5.53 170520
5.54 170520
5.55 170520
5.56 171696
5.57 172284
5.58 172872
5.59 174048
5.6 173460
5.61 174636
5.62 176400
5.63 176400
5.64 176400
5.65 178752
5.66 178164
5.67 179340
5.68 179928
5.69 179928
5.7 180516
5.71 181692
5.72 181692
5.73 182280
5.74 184044
5.75 184632
5.76 185220
5.77 185808
5.78 185220
5.79 185808
5.8 187572
5.81 186984
5.82 187572
5.83 188748
5.84 189336
5.85 189336
5.86 189924
5.87 189924
5.88 190512
5.89 191688
5.9 192276
5.91 193452
5.92 194040
5.93 190512
5.94 169344
5.95 164052
5.96 164640
5.97 165228
5.98 165816
5.99 166404
6 167580
6.01 167580
6.02 168756
6.03 156408
6.04 155820
6.05 157584
6.06 158172
6.07 158760
6.08 158760
6.09 159936
6.1 160524
6.11 153468
6.12 154056
6.13 154644
6.14 155232
6.15 157584
6.16 156996
6.17 157584
6.18 158172
6.19 158760
6.2 158760
6.21 159348
6.22 159348
6.23 160524
6.24 161700
6.25 161700
6.26 162288
6.27 165228
6.28 164640
6.29 164640
6.3 165816
6.31 165816
6.32 166992
6.33 168168
6.34 168168
6.35 169344
6.36 171108
6.37 170520
6.38 170520
6.39 172284
6.4 172872
6.41 173460
6.42 174636
6.43 174636
6.44 175812
6.45 176988
6.46 176400
6.47 177576
6.48 178752
6.49 178164
6.5 178752
6.51 179928
6.52 180516
6.53 181104
6.54 182280
6.55 181692
6.56 182280
6.57 183456
6.58 183456
6.59 184632
6.6 185220
6.61 186396
6.62 186984
6.63 186984
6.64 186984
6.65 188160
6.66 188748
6.67 188748
6.68 190512
6.69 190512
6.7 191688
6.71 192276
6.72 192276
6.73 192864
6.74 194040
6.75 194040
6.76 194040
6.77 195216
6.78 195216
6.79 195804
6.8 185220
6.81 182868
6.82 183456
6.83 184044
6.84 184632
6.85 185220
6.86 182280
6.87 174636
6.88 160524
6.89 161112
6.9 161700
6.91 162288
6.92 163464
6.93 163464
6.94 164640
6.95 165228
6.96 166404
6.97 166404
6.98 167580
6.99 168168
7 168756
7.01 169932
7.02 169932
7.03 170520
7.04 171696
7.05 172284
7.06 172872
7.07 174048
7.08 174048
7.09 174636
7.1 175812
7.11 176400
7.12 176988
7.13 178752
7.14 178164
7.15 178752
7.16 179928
7.17 179928
7.18 180516
7.19 181104
7.2 181104
7.21 182280
7.22 182868
7.23 184044
7.24 185220
7.25 185220
7.26 185220
7.27 186396
7.28 186396
7.29 186984
7.3 188160
7.31 187572
7.32 188748
7.33 189924
7.34 189924
7.35 190512
7.36 191688
7.37 192276
7.38 192864
7.39 194040
7.4 193452
7.41 194628
7.42 196392
7.43 195804
7.44 196392
7.45 197568
7.46 198156
7.47 198156
7.48 199332
7.49 198744
7.5 199332
7.51 200508
7.52 199920
7.53 200508
7.54 201684
7.55 202860
7.56 202860
7.57 204624
7.58 204624
7.59 204624
7.6 205800
7.61 205212
7.62 205800
7.63 206976
7.64 208152
7.65 208152
7.66 209916
7.67 209916
7.68 209916
7.69 211092
7.7 201684
7.71 194040
7.72 195216
7.73 195804
7.74 196392
7.75 196980
7.76 196980
7.77 198156
7.78 198156
7.79 180516
7.8 180516
7.81 181692
7.82 182868
7.83 183456
7.84 183456
7.85 183456
7.86 185220
7.87 185220
7.88 186396
7.89 187572
7.9 187572
7.91 188748
7.92 189924
7.93 189336
7.94 190512
7.95 191100
7.96 191688
7.97 191688
7.98 192276
7.99 192276
8 193452
8.01 194628
8.02 194040
8.03 195216
8.04 195804
8.05 196392
8.06 196980
8.07 189924
8.08 188160
8.09 189336
8.1 189924
8.11 189336
8.12 190512
8.13 191100
8.14 184044
8.15 179928
8.16 181104
8.17 180516
8.18 181104
8.19 171696
8.2 172284
8.21 172872
8.22 173460
8.23 173460
8.24 174636
8.25 175812
8.26 172284
8.27 145824
8.28 147588
8.29 148176
8.3 148176
8.31 149352
8.32 149940
8.33 150528
8.34 141708
8.35 127008
8.36 128184
8.37 128772
8.38 129360
8.39 129948
8.4 131124
8.41 132300
8.42 132888
8.43 132300
8.44 132888
8.45 134652
8.46 134064
8.47 135240
8.48 136416
8.49 137004
8.5 138180
8.51 139356
8.52 138768
8.53 139356
8.54 140532
8.55 140532
8.56 139944
8.57 138180
8.58 129948
8.59 131124
8.6 132300
8.61 131712
8.62 132300
8.63 133476
8.64 133476
8.65 132888
8.66 134064
8.67 133476
8.68 134652
8.69 135828
8.7 134652
8.71 125244
8.72 126420
8.73 127008
8.74 127596
8.75 128184
8.76 128184
8.77 129360
8.78 129948
8.79 130536
8.8 131712
8.81 132888
8.82 132888
8.83 132888
8.84 134652
8.85 134652
8.86 135828
8.87 137004
8.88 137592
8.89 138180
8.9 139356
8.91 139356
8.92 139356
8.93 140532
8.94 141120
8.95 141708
8.96 142884
8.97 144060
8.98 144648
8.99 144648
9 144648
9.01 146412
9.02 147000
9.03 147000
9.04 148176
9.05 149352
9.06 149940
9.07 150528
9.08 150528
9.09 151116
9.1 153468
9.11 152880
9.12 153468
9.13 155232
9.14 155820
9.15 155820
9.16 156996
9.17 156408
9.18 157584
9.19 159348
9.2 159348
9.21 159936
9.22 161700
9.23 161700
9.24 162288
9.25 162876
9.26 162876
9.27 164052
9.28 165228
9.29 165228
9.3 165816
9.31 166992
9.32 166992
9.33 167580
9.34 169344
9.35 169344
9.36 169932
9.37 170520
9.38 169932
9.39 171108
9.4 172284
9.41 172284
9.42 173460
9.43 175224
9.44 175224
9.45 175812
9.46 176400
9.47 176400
9.48 177576
9.49 178752
9.5 178752
9.51 179340
9.52 181104
9.53 181692
9.54 181692
9.55 181692
9.56 182280
9.57 182868
9.58 183456
9.59 184632
9.6 185220
9.61 185808
9.62 186984
9.63 187572
9.64 186984
9.65 186984
9.66 188160
9.67 188160
9.68 188748
9.69 189336
9.7 189336
9.71 189924
9.72 191688
9.73 191100
9.74 191100
9.75 192276
9.76 192864
9.77 194040
9.78 194628
9.79 195216
9.8 195804
9.81 196980
9.82 190512
9.83 178752
9.84 179340
9.85 179928
9.86 180516
9.87 181692
9.88 177576
9.89 169932
9.9 171108
9.91 171108
9.92 171696
9.93 172872
9.94 173460
9.95 173460
9.96 174048
9.97 173460
9.98 174636
9.99 175224
10 175812
10.01 153468
10.02 145236
10.03 145236
10.04 145824
10.05 146412
10.06 146412
10.07 147000
10.08 148176
10.09 145824
10.1 147000
10.11 148176
10.12 143472
10.13 122892
10.14 124068
10.15 124068
10.16 124656
10.17 125832
10.18 127008
10.19 127596
10.2 128772
10.21 128772
10.22 129948
10.23 130536
10.24 131124
10.25 132888
10.26 133476
10.27 134064
10.28 135240
10.29 134652
10.3 135828
10.31 137004
10.32 137004
10.33 138180
10.34 139356
10.35 139944
10.36 140532
10.37 141120
10.38 141708
10.39 142296
10.4 144060
10.41 144060
10.42 144648
10.43 146412
10.44 145824
10.45 145824
10.46 146412
10.47 146412
10.48 147000
10.49 148176
10.5 148176
10.51 149940
10.52 151704
10.53 151116
10.54 151704
10.55 152292
10.56 152880
10.57 153468
10.58 154056
10.59 140532
10.6 141708
10.61 135240
10.62 118188
10.63 118188
10.64 119364
10.65 120540
10.66 120540
10.67 117012
10.68 107604
10.69 108192
10.7 108780
10.71 108780
10.72 109368
10.73 111132
10.74 110544
10.75 111720
10.76 112896
10.77 112896
10.78 113484
10.79 115248
10.8 115836
10.81 117012
10.82 117012
10.83 117600
10.84 119364
10.85 119364
10.86 120540
10.87 121716
10.88 121128
10.89 122304
10.9 122892
10.91 123480
10.92 124068
10.93 126420
10.94 126420
10.95 127008
10.96 128184
10.97 128184
10.98 128772
10.99 130536
11 130536
11.01 131712
11.02 133476
11.03 132888
11.04 134064
11.05 134652
11.06 134652
11.07 135240
11.08 137004
11.09 137592
11.1 138180
11.11 138768
11.12 138768
11.13 139356
11.14 140532
11.15 140532
11.16 142296
11.17 144060
11.18 144060
11.19 144060
11.2 145236
11.21 145236
11.22 146412
11.23 147000
11.24 147588
11.25 147588
11.26 149352
11.27 149352
11.28 149940
11.29 151116
11.3 151704
11.31 151704
11.32 153468
11.33 152880
11.34 152880
11.35 154056
11.36 154644
11.37 155232
11.38 155820
11.39 155820
11.4 156996
11.41 157584
11.42 157584
11.43 159348
11.44 159936
11.45 160524
11.46 161112
11.47 161112
11.48 150528
11.49 151704
11.5 151704
11.51 152880
11.52 155232
11.53 155232
11.54 155232
11.55 156408
11.56 144648
11.57 145236
11.58 146412
11.59 147000
11.6 148764
11.61 149940
11.62 149352
11.63 149940
11.64 151116
11.65 151116
11.66 151704
11.67 152880
11.68 154056
11.69 155232
11.7 155820
11.71 155820
11.72 156408
11.73 157584
11.74 157584
11.75 158172
11.76 160524
11.77 160524
11.78 161112
11.79 162288
11.8 162288
11.81 162876
11.82 164052
11.83 164052
11.84 164640
11.85 165228
11.86 166404
11.87 166404
11.88 168168
11.89 168756
11.9 169344
11.91 169932
11.92 169932
11.93 169932
11.94 170520
11.95 171108
11.96 171696
11.97 173460
11.98 174048
11.99 174636
12 175224
12.01 175812
12.02 176400
12.03 176400
12.04 176988
12.05 178752
12.06 178164
12.07 179928
12.08 180516
12.09 180516
12.1 181692
12.11 182280
12.12 182280
12.13 182868
12.14 184632
12.15 184044
12.16 184632
12.17 185808
12.18 186396
12.19 186396
12.2 187572
12.21 186984
12.22 187572
12.23 188748
12.24 188748
12.25 188748
12.26 189924
12.27 190512
12.28 190512
12.29 191688
12.3 192276
12.31 192864
12.32 193452
12.33 176988
12.34 156408
12.35 157584
12.36 157584
12.37 158172
12.38 159936
12.39 160524
12.4 160524
12.41 161700
12.42 162288
12.43 162876
12.44 164052
12.45 164052
12.46 164052
12.47 165816
12.48 165816
12.49 166404
12.5 167580
12.51 168756
12.52 168756
12.53 169932
12.54 169344
12.55 170520
12.56 171108
12.57 171696
12.58 172284
12.59 173460
12.6 174636
12.61 175812
12.62 175224
12.63 175224
12.64 177576
12.65 176988
12.66 177576
12.67 178752
12.68 179340
12.69 179928
12.7 180516
12.71 179928
12.72 180516
12.73 182280
12.74 182280
12.75 182280
12.76 184044
12.77 184044
12.78 184632
12.79 185808
12.8 185808
12.81 186396
12.82 188160
12.83 188160
12.84 189336
12.85 189924
12.86 189924
12.87 190512
12.88 191688
12.89 192276
12.9 192864
12.91 194040
12.92 193452
12.93 193452
12.94 194040
12.95 194040
12.96 194628
12.97 195804
12.98 195804
12.99 196980
13 198156
13.01 198156
13.02 191100
13.03 192276
13.04 192276
13.05 192864
13.06 194040
13.07 194628
13.08 194628
13.09 195804
13.1 193452
13.11 189336
13.12 190512
13.13 190512
13.14 191100
13.15 192276
13.16 192864
13.17 192864
13.18 193452
13.19 194628
13.2 194628
13.21 195216
13.22 196392
13.23 196980
13.24 197568
13.25 198744
13.26 199332
13.27 199920
13.28 200508
13.29 201096
13.3 201096
13.31 201096
13.32 201684
13.33 202272
13.34 202860
13.35 203448
13.36 204036
13.37 204624
13.38 205800
13.39 205800
13.4 206388
13.41 206976
13.42 207564
13.43 207564
13.44 208152
13.45 208740
13.46 207564
13.47 208740
13.48 208740
13.49 184632
13.5 185808
13.51 185808
13.52 185808
13.53 186396
13.54 182868
13.55 179928
13.56 181104
13.57 180516
13.58 181104
13.59 182868
13.6 177576
13.61 168168
13.62 168756
13.63 169344
13.64 170520
13.65 171108
13.66 171696
13.67 172284
13.68 173460
13.69 173460
13.7 174048
13.71 175224
13.72 175224
13.73 175812
13.74 176400
13.75 176988
13.76 177576
13.77 178164
13.78 179340
13.79 179340
13.8 179928
13.81 181104
13.82 181692
13.83 181692
13.84 182280
13.85 183456
13.86 184044
13.87 184632
13.88 186396
13.89 185808
13.9 186984
13.91 187572
13.92 187572
13.93 188748
13.94 189924
13.95 189336
13.96 190512
13.97 192276
13.98 192276
13.99 192864
14 194040
14.01 194040
14.02 194628
14.03 195804
14.04 195216
14.05 196392
14.06 197568
14.07 197568
14.08 198156
14.09 199332
14.1 199332
14.11 200508
14.12 201096
14.13 200508
14.14 201684
14.15 202860
14.16 203448
14.17 203448
14.18 204036
14.19 204036
14.2 205800
14.21 206388
14.22 206388
14.23 206976
14.24 208740
14.25 208740
14.26 209328
14.27 209328
14.28 209328
14.29 211092
14.3 211680
14.31 211092
14.32 211680
14.33 213444
14.34 213444
14.35 213444
14.36 213444
14.37 212856
14.38 214032
14.39 215208
14.4 215208
14.41 216384
14.42 217560
14.43 217560
14.44 218736
14.45 202272
14.46 180516
14.47 182280
14.48 182280
14.49 182280
14.5 184044
14.51 184632
14.52 185220
14.53 186396
14.54 185808
14.55 186396
14.56 187572
14.57 187572
14.58 187572
14.59 189924
14.6 189924
14.61 189924
14.62 191688
14.63 191688
14.64 192276
14.65 193452
14.66 193452
14.67 194040
14.68 194628
14.69 194628
14.7 194628
14.71 195216
14.72 195804
14.73 196392
14.74 196980
14.75 196980
14.76 197568
14.77 196980
14.78 196980
14.79 196392
14.8 196980
14.81 197568
14.82 198156
14.83 199332
14.84 199332
14.85 196392
14.86 191688
14.87 191688
14.88 191688
14.89 192276
14.9 192864
14.91 193452
14.92 195216
14.93 194628
14.94 195804
14.95 189924
14.96 175812
14.97 155820
14.98 156408
14.99 156996
15 157584
15.01 158172
15.02 158760
15.03 160524
15.04 159936
15.05 160524
15.06 162288
15.07 162288
15.08 162288
15.09 163464
15.1 164052
15.11 165228
15.12 166404
15.13 165816
15.14 167580
15.15 168756
15.16 168168
15.17 168756
15.18 169344
15.19 170520
15.2 170520
15.21 171696
15.22 172284
15.23 172284
15.24 174048
15.25 173460
15.26 174048
15.27 175224
15.28 175812
15.29 176988
15.3 177576
15.31 178164
15.32 179340
15.33 179928
15.34 179340
15.35 179340
15.36 180516
15.37 179928
15.38 181104
15.39 182280
15.4 181692
15.41 183456
15.42 185220
15.43 184632
15.44 184632
15.45 186396
15.46 186396
15.47 186984
15.48 188160
15.49 188160
15.5 189336
15.51 190512
15.52 189924
15.53 191100
15.54 191688
15.55 192276
15.56 192276
15.57 192864
15.58 193452
15.59 192864
15.6 193452
15.61 191100
15.62 192864
15.63 192276
15.64 193452
15.65 193452
15.66 189336
15.67 169932
15.68 171108
15.69 171108
15.7 169344
15.71 171108
15.72 170520
15.73 171108
15.74 172284
15.75 170520
15.76 168168
15.77 168756
15.78 158172
15.79 159936
15.8 161112
15.81 160524
15.82 161112
15.83 162876
15.84 162288
15.85 162876
15.86 164052
15.87 164052
15.88 165228
15.89 165816
15.9 165228
15.91 166992
15.92 168168
15.93 166992
15.94 167580
15.95 168756
15.96 169932
15.97 169932
15.98 171108
15.99 170520
16 172284
16.01 172872
16.02 172872
16.03 164640
16.04 165816
16.05 166404
16.06 166992
16.07 168168
16.08 168756
16.09 159348
16.1 156408
16.11 148176
16.12 148176
16.13 149940
16.14 149352
16.15 150528
16.16 151116
16.17 152292
16.18 152292
16.19 152880
16.2 154056
16.21 154644
16.22 155232
16.23 156408
16.24 157584
16.25 158172
16.26 158172
16.27 159348
16.28 159936
16.29 160524
16.3 161700
16.31 162288
16.32 162288
16.33 163464
16.34 163464
16.35 164052
16.36 165816
16.37 165228
16.38 166404
16.39 168168
16.4 167580
16.41 158172
16.42 159348
16.43 159348
16.44 160524
16.45 161112
16.46 161700
16.47 162288
16.48 154644
16.49 146412
16.5 147588
16.51 148176
16.52 148764
16.53 148764
16.54 149352
16.55 149352
16.56 149940
16.57 151116
16.58 151704
16.59 152292
16.6 154056
16.61 154644
16.62 154644
16.63 155820
16.64 155820
16.65 156996
16.66 158172
16.67 158172
16.68 159348
16.69 161112
16.7 160524
16.71 161112
16.72 162288
16.73 162288
16.74 162876
16.75 164640
16.76 164640
16.77 166404
16.78 166404
16.79 166992
16.8 166992
16.81 168168
16.82 168756
16.83 169344
16.84 170520
16.85 171696
16.86 172284
16.87 172872
16.88 172872
16.89 173460
16.9 172872
16.91 172872
16.92 174636
16.93 175224
16.94 175812
16.95 176400
16.96 177576
16.97 178164
16.98 178752
16.99 178164
17 177576
17.01 178752
17.02 178752
17.03 179340
17.04 179928
17.05 180516
17.06 181692
17.07 178164
17.08 177576
17.09 165228
17.1 166404
17.11 166992
17.12 166992
17.13 168168
17.14 168756
17.15 169344
17.16 166404
17.17 135828
17.18 136416
17.19 137004
17.2 137592
17.21 138180
17.22 139356
17.23 140532
17.24 130536
17.25 131712
17.26 131712
17.27 131124
17.28 132300
17.29 132888
17.3 133476
17.31 135828
17.32 135828
17.33 136416
17.34 137592
17.35 137004
17.36 135828
17.37 136416
17.38 137592
17.39 139356
17.4 139944
17.41 139944
17.42 125832
17.43 114072
17.44 114072
17.45 115248
17.46 115836
17.47 117012
17.48 118188
17.49 118188
17.5 119364
17.51 119952
17.52 119364
17.53 120540
17.54 122304
17.55 122892
17.56 124068
17.57 125244
17.58 125244
17.59 125244
17.6 125832
17.61 125832
17.62 126420
17.63 128772
17.64 129360
17.65 129948
17.66 131124
17.67 131124
17.68 131712
17.69 132888
17.7 132888
17.71 134652
17.72 136416
17.73 135828
17.74 135828
17.75 137004
17.76 137004
17.77 137592
17.78 139944
17.79 139944
17.8 141120
17.81 141708
17.82 141708
17.83 142296
17.84 143472
17.85 143472
17.86 145236
17.87 146412
17.88 146412
17.89 147000
17.9 148764
17.91 148176
17.92 148764
17.93 149352
17.94 151116
17.95 151704
17.96 152292
17.97 152880
17.98 154056
17.99 154056
18 154056
18.01 154056
18.02 155820
18.03 156408
18.04 157584
18.05 157584
18.06 158172
18.07 159936
18.08 159348
18.09 159348
18.1 161700
18.11 162288
18.12 162876
18.13 163464
18.14 162876
18.15 164640
18.16 165228
18.17 164640
18.18 165816
18.19 168168
18.2 168756
18.21 168756
18.22 169344
18.23 169344
18.24 170520
18.25 171108
18.26 171108
18.27 172872
18.28 174048
18.29 174636
18.3 174636
18.31 175224
18.32 175812
18.33 176400
18.34 177576
18.35 177576
18.36 178752
18.37 179928
18.38 179928
18.39 179928
18.4 181692
18.41 181692
18.42 182280
18.43 183456
18.44 183456
18.45 184044
18.46 185220
18.47 185220
18.48 185220
18.49 186396
18.5 187572
18.51 187572
18.52 188160
18.53 187572
18.54 187572
18.55 188748
18.56 188748
18.57 189336
18.58 190512
18.59 191688
18.6 192276
18.61 192864
18.62 193452
18.63 194040
18.64 194040
18.65 194628
18.66 195216
18.67 195804
18.68 196980
18.69 198156
18.7 198156
18.71 199332
18.72 199920
18.73 199920
18.74 200508
18.75 201684
18.76 201684
18.77 202860
18.78 204036
18.79 204036
18.8 204624
18.81 205800
18.82 205800
18.83 206388
18.84 207564
18.85 206976
18.86 207564
18.87 209328
18.88 209328
18.89 209916
18.9 211092
18.91 211092
18.92 211680
18.93 212856
18.94 212268
18.95 212856
18.96 214620
18.97 214620
18.98 215208
18.99 215796
19 216384
19.01 216384
19.02 216972
19.03 216972
19.04 205212
19.05 205212
19.06 205212
19.07 205800
19.08 206388
19.09 206976
19.1 207564
19.11 208740
19.12 208152
19.13 194040
19.14 195804
19.15 195804
19.16 196392
19.17 196392
19.18 196980
19.19 197568
19.2 178752
19.21 176400
19.22 177576
19.23 178164
19.24 178752
19.25 180516
19.26 179928
19.27 179928
19.28 181104
19.29 181692
19.3 181692
19.31 184044
19.32 184632
19.33 184044
19.34 185808
19.35 185220
19.36 185220
19.37 186984
19.38 186984
19.39 186984
19.4 188748
19.41 188748
19.42 189336
19.43 190512
19.44 179928
19.45 180516
19.46 182280
19.47 181692
19.48 182280
19.49 181104
19.5 161700
19.51 162288
19.52 163464
19.53 163464
19.54 164640
19.55 157584
19.56 152292
19.57 152292
19.58 153468
19.59 152880
19.6 154056
19.61 154644
19.62 152292
19.63 144060
19.64 145824
19.65 145824
19.66 146412
19.67 147000
19.68 147000
19.69 147588
19.7 148176
19.71 149352
19.72 149940
19.73 150528
19.74 150528
19.75 150528
19.76 151116
19.77 151704
19.78 152292
19.79 154644
19.8 155232
19.81 155820
19.82 156408
19.83 156408
19.84 156996
19.85 156996
19.86 157584
19.87 159936
19.88 160524
19.89 161112
19.9 162876
19.91 162288
19.92 162288
19.93 162876
19.94 162876
19.95 163464
19.96 166404
19.97 165816
19.98 166992
19.99 168756
20 168168
20.01 168168
20.02 169344
20.03 169344
20.04 169932
20.05 172284
20.06 172284
20.07 174048
20.08 174636
20.09 174048
20.1 174048
20.11 175812
20.12 175224
20.13 176988
20.14 177576
20.15 178164
20.16 178752
20.17 179928
20.18 178752
20.19 179340
20.2 180516
20.21 180516
20.22 181104
20.23 182280
20.24 182280
20.25 182868
20.26 184044
20.27 184044
20.28 184632
20.29 182280
20.3 174636
20.31 160524
20.32 158172
20.33 158760
20.34 157584
20.35 145824
20.36 146412
20.37 147588
20.38 148176
20.39 148764
20.4 149940
20.41 150528
20.42 151116
20.43 151704
20.44 151704
20.45 153468
20.46 154644
20.47 154644
20.48 155820
20.49 156408
20.5 156408
20.51 156408
20.52 157584
20.53 158760
20.54 159348
20.55 160524
20.56 160524
20.57 160524
20.58 161700
20.59 161112
20.6 161700
20.61 164052
20.62 164052
20.63 165228
20.64 166992
20.65 149940
20.66 115836
20.67 117012
20.68 117012
20.69 118188
20.7 119364
20.71 119364
20.72 119952
20.73 121128
20.74 121716
20.75 121716
20.76 123480
20.77 124656
20.78 125244
20.79 126420
20.8 126420
20.81 126420
20.82 128184
20.83 127596
20.84 128772
20.85 130536
20.86 130536
20.87 131124
20.88 132300
20.89 132888
20.9 133476
20.91 134652
20.92 135240
20.93 136416
20.94 137592
20.95 137592
20.96 137592
20.97 138768
20.98 139356
20.99 139944
21 141708
21.01 142296
21.02 143472
21.03 143472
21.04 143472
21.05 144648
21.06 144648
21.07 145236
21.08 147000
21.09 147588
21.1 148176
21.11 149940
21.12 149352
21.13 149940
21.14 150528
21.15 150528
21.16 151704
21.17 153468
21.18 153468
21.19 154644
21.2 155232
21.21 155820
21.22 155820
21.23 156996
21.24 156408
21.25 158172
21.26 159348
21.27 159348
21.28 159936
21.29 161112
21.3 161112
21.31 161700
21.32 162876
21.33 163464
21.34 163464
21.35 164052
21.36 164640
21.37 165228
21.38 166404
21.39 166404
21.4 166404
21.41 167580
21.42 168756
21.43 168756
21.44 169932
21.45 170520
21.46 170520
21.47 172872
21.48 172284
21.49 172872
21.5 175224
21.51 174636
21.52 174636
21.53 175812
21.54 175812
21.55 176400
21.56 177576
21.57 177576
21.58 177576
21.59 178164
21.6 178752
21.61 178752
21.62 178752
21.63 179340
21.64 181692
21.65 181692
21.66 182280
21.67 182868
21.68 183456
21.69 184044
21.7 184632
21.71 184632
21.72 185220
21.73 186984
21.74 187572
21.75 187572
21.76 188748
21.77 189924
21.78 189924
21.79 190512
21.8 190512
21.81 191100
21.82 189924
21.83 184632
21.84 168756
21.85 170520
21.86 171108
21.87 171108
21.88 171696
21.89 172284
21.9 172872
21.91 174636
21.92 174636
21.93 175224
21.94 176400
21.95 176988
21.96 176988
21.97 177576
21.98 177576
21.99 178752
22 180516
22.01 179928
22.02 180516
22.03 181692
22.04 182280
22.05 182868
22.06 184044
22.07 184044
22.08 184632
22.09 186396
22.1 186396
22.11 186396
22.12 188160
22.13 188160
22.14 188748
22.15 189924
22.16 190512
22.17 190512
22.18 191100
22.19 191688
22.2 191688
22.21 193452
22.22 193452
22.23 194628
22.24 194628
22.25 196392
22.26 197568
22.27 196980
22.28 197568
22.29 198156
22.3 198744
22.31 198744
22.32 199920
22.33 199920
22.34 200508
22.35 202860
22.36 202272
22.37 202860
22.38 203448
22.39 204036
22.4 204036
22.41 204624
22.42 204624
22.43 205212
22.44 208152
22.45 207564
22.46 208152
22.47 208740
22.48 209916
22.49 209916
22.5 210504
22.51 209916
22.52 210504
22.53 212856
22.54 212268
22.55 212856
22.56 213444
22.57 214032
22.58 214620
22.59 216384
22.6 215796
22.61 216384
22.62 218736
22.63 218148
22.64 218736
22.65 219324
22.66 219912
22.67 220500
22.68 221676
22.69 221676
22.7 221676
22.71 223440
22.72 223440
22.73 224028
22.74 224616
22.75 224616
22.76 225204
22.77 225792
22.78 226380
22.79 226968
22.8 227556
22.81 228144
22.82 230496
22.83 229908
22.84 229908
22.85 231084
22.86 231084
22.87 231672
22.88 233436
22.89 233436
22.9 233436
22.91 234612
22.92 235200
22.93 235200
22.94 235788
22.95 234612
22.96 235788
22.97 236964
22.98 237552
22.99 238140
23 239316
23.01 239316
23.02 239904
23.03 240492
23.04 239904
23.05 231672
23.06 232848
23.07 234024
23.08 234612
23.09 235200
23.1 235200
23.11 235200
23.12 236376
23.13 219912
23.14 198156
23.15 199332
23.16 199332
23.17 200508
23.18 201684
23.19 200508
23.2 196392
23.21 197568
23.22 186396
23.23 186984
23.24 188160
23.25 188160
23.26 189336
23.27 189924
23.28 189924
23.29 189924
23.3 190512
23.31 190512
23.32 191100
23.33 192276
23.34 192864
23.35 194040
23.36 194628
23.37 194628
23.38 195804
23.39 195804
23.4 196392
23.41 196980
23.42 197568
23.43 198156
23.44 200508
23.45 199920
23.46 200508
23.47 201684
23.48 201684
23.49 202272
23.5 203448
23.51 202860
23.52 202272
23.53 205212
23.54 204624
23.55 205212
23.56 206388
23.57 206388
23.58 207564
23.59 208152
23.6 207564
23.61 207564
23.62 203448
23.63 202860
23.64 202860
23.65 204036
23.66 204036
23.67 205212
23.68 206976
23.69 206388
23.7 186984
23.71 186396
23.72 186396
23.73 186396
23.74 186984
23.75 186984
23.76 188160
23.77 189924
23.78 189336
23.79 189924
23.8 192276
23.81 191688
23.82 191688
23.83 192276
23.84 193452
23.85 194040
23.86 195216
23.87 194628
23.88 195216
23.89 196980
23.9 196392
23.91 186396
23.92 178752
23.93 179340
23.94 179928
23.95 180516
23.96 180516
23.97 181104
23.98 181104
23.99 158760
24 159348
24.01 155232
24.02 155820
24.03 156996
24.04 158172
24.05 158760
24.06 149352
24.07 129948
24.08 114072
24.09 101724
24.1 101724
24.11 102312
24.12 103488
24.13 104664
24.14 105252
24.15 107016
24.16 107016
24.17 107604
24.18 108780
24.19 108780
24.2 109368
24.21 110544
24.22 111720
24.23 112308
24.24 113484
24.25 113484
24.26 114660
24.27 115836
24.28 115836
24.29 117012
24.3 118188
24.31 118188
24.32 118776
24.33 120540
24.34 120540
24.35 121716
24.36 122304
24.37 123480
24.38 124068
24.39 125244
24.4 124656
24.41 125244
24.42 126420
24.43 127008
24.44 127596
24.45 129360
24.46 129360
24.47 130536
24.48 131124
24.49 131124
24.5 131712
24.51 132888
24.52 133476
24.53 134652
24.54 135240
24.55 135240
24.56 135828
24.57 136416
24.58 137004
24.59 138180
24.6 138768
24.61 140532
24.62 140532
24.63 141120
24.64 141708
24.65 142884
24.66 143472
24.67 144060
24.68 145236
24.69 146412
24.7 145824
24.71 147000
24.72 147000
24.73 147588
24.74 149352
24.75 148764
24.76 149352
24.77 151116
24.78 148764
24.79 138180
24.8 139356
24.81 139356
24.82 141120
24.83 141708
24.84 142296
24.85 142296
24.86 128184
24.87 127596
24.88 128184
24.89 129360
24.9 129948
24.91 130536
24.92 131712
24.93 131712
24.94 132888
24.95 134064
24.96 134064
24.97 134652
24.98 136416
24.99 136416
25 137004
25.01 138180
25.02 138768
25.03 139356
25.04 140532
25.05 140532
25.06 141708
25.07 142884
25.08 142884
25.09 144060
25.1 145236
25.11 145236
25.12 145824
25.13 146412
25.14 147000
25.15 147588
25.16 148764
25.17 148764
25.18 148764
25.19 150528
25.2 151116
25.21 151116
25.22 152292
25.23 153468
25.24 154644
25.25 154644
25.26 154644
25.27 155820
25.28 155820
25.29 156408
25.3 158172
25.31 158172
25.32 158760
25.33 160524
25.34 159936
25.35 160524
25.36 161700
25.37 161700
25.38 163464
25.39 164640
25.4 164640
25.41 165228
25.42 166404
25.43 165816
25.44 166992
25.45 167580
25.46 168168
25.47 168756
25.48 169932
25.49 169932
25.5 171108
25.51 172284
25.52 171696
25.53 172872
25.54 174636
25.55 174636
25.56 174636
25.57 175812
25.58 175812
25.59 176400
25.6 177576
25.61 177576
25.62 177576
25.63 179340
25.64 179340
25.65 179928
25.66 180516
25.67 181104
25.68 181104
25.69 182280
25.7 182280
25.71 182280
25.72 175224
25.73 161112
25.74 161700
25.75 163464
25.76 163464
25.77 164052
25.78 164052
25.79 165228
25.8 165228
25.81 166992
25.82 167580
25.83 169344
25.84 169344
25.85 169344
25.86 170520
25.87 170520
25.88 170520
25.89 171696
25.9 171696
25.91 172284
25.92 173460
25.93 174048
25.94 174636
25.95 175224
25.96 175224
25.97 175812
25.98 177576
25.99 178164
26 178164
26.01 180516
26.02 179928
26.03 180516
26.04 181692
26.05 181692
26.06 181692
26.07 182868
26.08 182868
26.09 182868
26.1 184632
26.11 184632
26.12 185220
26.13 186396
26.14 186396
26.15 187572
26.16 187572
26.17 187572
26.18 187572
26.19 189336
26.2 189924
26.21 190512
26.22 182868
26.23 166992
26.24 168168
26.25 165816
26.26 161112
26.27 161700
26.28 162876
26.29 162876
26.3 163464
26.31 165228
26.32 165228
26.33 154644
26.34 155820
26.35 155232
26.36 155820
26.37 156996
26.38 157584
26.39 158760
26.4 159348
26.41 159936
26.42 161112
26.43 161112
26.44 161112
26.45 163464
26.46 162876
26.47 164052
26.48 164640
26.49 164640
26.5 165816
26.51 166404
26.52 165816
26.53 166404
26.54 167580
26.55 168168
26.56 165228
26.57 162288
26.58 162288
26.59 162876
26.6 164052
26.61 163464
26.62 163464
26.63 158172
26.64 153468
26.65 154644
26.66 155820
26.67 155820
26.68 156408
26.69 157584
26.7 156996
26.71 157584
26.72 159348
26.73 159936
26.74 160524
26.75 161700
26.76 162288
26.77 162876
26.78 163464
26.79 162876
26.8 163464
26.81 165816
26.82 165816
26.83 165816
26.84 166992
26.85 167580
26.86 168168
26.87 169344
26.88 169344
26.89 169932
26.9 171108
26.91 171108
26.92 171108
26.93 172872
26.94 172872
26.95 173460
26.96 174636
26.97 174636
26.98 162876
26.99 158760
27 158760
27.01 159936
27.02 160524
27.03 160524
27.04 161700
27.05 161700
27.06 141708
27.07 143472
27.08 143472
27.09 143472
27.1 144648
27.11 145236
27.12 144648
27.13 145824
27.14 138768
27.15 139944
27.16 141120
27.17 140532
27.18 141120
27.19 142296
27.2 142296
27.21 142884
27.22 145236
27.23 145236
27.24 145824
27.25 146412
27.26 146412
27.27 147000
27.28 148176
27.29 148764
27.3 149940
27.31 151704
27.32 151116
27.33 146412
27.34 145824
27.35 145824
27.36 146412
27.37 147000
27.38 145824
27.39 132888
27.4 117600
27.41 117012
27.42 117600
27.43 120540
27.44 121128
27.45 121128
27.46 122304
27.47 122304
27.48 122892
27.49 123480
27.5 124068
27.51 125244
27.52 127008
27.53 126420
27.54 126420
27.55 127596
27.56 127596
27.57 127596
27.58 128184
27.59 129360
27.6 131124
27.61 131712
27.62 132300
27.63 133476
27.64 133476
27.65 133476
27.66 135240
27.67 135828
27.68 137004
27.69 138180
27.7 138768
27.71 138768
27.72 139944
27.73 139356
27.74 139944
27.75 141708
27.76 142296
27.77 142296
27.78 144648
27.79 144060
27.8 144648
27.81 145236
27.82 145236
27.83 146412
27.84 148176
27.85 148176
27.86 141120
27.87 142296
27.88 140532
27.89 140532
27.9 141708
27.91 142884
27.92 143472
27.93 134064
27.94 134652
27.95 134652
27.96 135828
27.97 135828
27.98 135828
27.99 138180
28 138768
28.01 138768
28.02 139944
28.03 140532
28.04 141120
28.05 142296
28.06 141708
28.07 142884
28.08 144648
28.09 144648
28.1 144648
28.11 145824
28.12 145824
28.13 146412
28.14 147588
28.15 148764
28.16 149352
28.17 150528
28.18 150528
28.19 150528
28.2 151704
28.21 152880
28.22 153468
28.23 154056
28.24 155232
28.25 156408
28.26 156408
28.27 156408
28.28 157584
28.29 158172
28.3 158760
28.31 159936
28.32 160524
28.33 161112
28.34 162876
28.35 162288
28.36 162876
28.37 163464
28.38 163464
28.39 164640
28.4 166404
28.41 166404
28.42 166992
28.43 168168
28.44 168168
28.45 168756
28.46 169932
28.47 169932
28.48 170520
28.49 171696
28.5 171696
28.51 172284
28.52 174048
28.53 174048
28.54 175224
28.55 175812
28.56 176400
28.57 176988
28.58 178164
28.59 178164
28.6 178752
28.61 179340
28.62 179340
28.63 180516
28.64 181692
28.65 181692
28.66 182280
28.67 183456
28.68 183456
28.69 184044
28.7 184632
28.71 185220
28.72 185808
28.73 186984
28.74 186396
28.75 187572
28.76 188748
28.77 188160
28.78 188748
28.79 188748
28.8 189924
28.81 189924
28.82 191100
28.83 192276
28.84 193452
28.85 193452
28.86 194040
28.87 195216
28.88 194628
28.89 195804
28.9 196980
28.91 196980
28.92 197568
28.93 199332
28.94 199332
28.95 198744
28.96 199920
28.97 199332
28.98 201096
28.99 202272
29 202272
29.01 203448
29.02 204624
29.03 204624
29.04 204624
29.05 205800
29.06 205212
29.07 206976
29.08 208152
29.09 208152
29.1 208152
29.11 204624
29.12 194628
29.13 184632
29.14 185808
29.15 185220
29.16 186396
29.17 187572
29.18 187572
29.19 178164
29.2 178752
29.21 178164
29.22 178164
29.23 179928
29.24 179928
29.25 180516
29.26 182868
29.27 182868
29.28 183456
29.29 184632
29.3 184044
29.31 184632
29.32 185808
29.33 186396
29.34 186984
29.35 188160
29.36 188748
29.37 189336
29.38 189924
29.39 189924
29.4 190512
29.41 190512
29.42 191100
29.43 192276
29.44 192276
29.45 193452
29.46 194628
29.47 195216
29.48 195216
29.49 196980
29.5 196392
29.51 196980
29.52 198744
29.53 198156
29.54 199332
29.55 199332
29.56 199332
29.57 199920
29.58 201684
29.59 201096
29.6 201684
29.61 202860
29.62 202860
29.63 203448
29.64 204036
29.65 204036
29.66 204036
29.67 205800
29.68 206388
29.69 206388
29.7 201684
29.71 188160
29.72 185220
29.73 157584
29.74 143472
29.75 144060
29.76 145824
29.77 146412
29.78 146412
29.79 147000
29.8 147588
29.81 138768
29.82 139356
29.83 139356
29.84 139944
29.85 141708
29.86 142296
29.87 142296
29.88 144060
29.89 144648
29.9 145236
29.91 145824
29.92 145824
29.93 147000
29.94 148764
29.95 148764
29.96 149940
29.97 151116
29.98 150528
29.99 151116
30 152292
30.01 152292
30.02 153468
30.03 154056
30.04 154644
30.05 156408
30.06 156408
30.07 156996
30.08 158172
30.09 157584
30.1 158760
30.11 159936
30.12 159936
30.13 160524
30.14 162288
30.15 162876
30.16 163464
30.17 164052
30.18 164052
30.19 165228
30.2 166404
30.21 166404
30.22 166404
30.23 168756
30.24 168168
30.25 168756
30.26 169344
30.27 169344
30.28 171108
30.29 172284
30.3 171696
30.31 172284
30.32 173460
30.33 174048
30.34 174636
30.35 175812
30.36 175224
30.37 175812
30.38 177576
30.39 176988
30.4 178164
30.41 178752
30.42 178752
30.43 179340
30.44 180516
30.45 180516
30.46 181104
30.47 182280
30.48 182868
30.49 183456
30.5 182868
30.51 181104
30.52 181692
30.53 182868
30.54 182868
30.55 183456
30.56 181692
30.57 182280
30.58 182280
30.59 172284
30.6 172872
30.61 174048
30.62 175224
30.63 175812
30.64 176400
30.65 175812
30.66 176988
30.67 178164
30.68 178164
30.69 178164
30.7 179928
30.71 179928
30.72 181104
30.73 181692
30.74 181692
30.75 181692
30.76 184632
30.77 184044
30.78 184632
30.79 186396
30.8 186396
30.81 186984
30.82 187572
30.83 187572
30.84 188160
30.85 189336
30.86 189336
30.87 190512
30.88 191688
30.89 191100
30.9 192276
30.91 192864
30.92 192864
30.93 193452
30.94 195216
30.95 194628
30.96 195804
30.97 196980
30.98 197568
30.99 198156
31 198744
31.01 198744
31.02 198744
31.03 200508
31.04 200508
31.05 201096
31.06 202272
31.07 202272
31.08 202860
31.09 204036
31.1 203448
31.11 203448
31.12 205212
31.13 204624
31.14 205800
31.15 207564
31.16 206976
31.17 207564
31.18 208152
31.19 208740
31.2 208740
31.21 209916
31.22 209916
31.23 211092
31.24 211680
31.25 212268
31.26 213444
31.27 214032
31.28 214620
31.29 215208
31.3 215796
31.31 215796
31.32 217560
31.33 217560
31.34 218148
31.35 219324
31.36 219912
31.37 220500
31.38 221088
31.39 221088
31.4 221676
31.41 222852
31.42 223440
31.43 224028
31.44 225204
31.45 225204
31.46 225792
31.47 226968
31.48 226380
31.49 226968
31.5 227556
31.51 228144
31.52 228732
31.53 229320
31.54 228732
31.55 229908
31.56 231672
31.57 231084
31.58 232260
31.59 232848
31.6 232260
31.61 232848
31.62 234612
31.63 234024
31.64 234612
31.65 236376
31.66 235788
31.67 235788
31.68 237552
31.69 236964
31.7 236964
31.71 230496
31.72 230496
31.73 230496
31.74 231672
31.75 232260
31.76 227556
31.77 228144
31.78 228144
31.79 211680
31.8 212268
31.81 212268
31.82 212856
31.83 212856
31.84 212856
31.85 188748
31.86 188160
31.87 188748
31.88 190512
31.89 190512
31.9 190512
31.91 191688
31.92 191100
31.93 191688
31.94 193452
31.95 193452
31.96 194628
31.97 195804
31.98 195216
31.99 195216
32 196392
32.01 195804
32.02 196980
32.03 198744
32.04 198156
32.05 198744
32.06 200508
32.07 200508
32.08 200508
32.09 201684
32.1 201096
32.11 202272
32.12 203448
32.13 203448
32.14 204624
32.15 205800
32.16 205800
32.17 205800
32.18 206388
32.19 205800
32.2 206976
32.21 208152
32.22 207564
32.23 193452
32.24 192276
32.25 192276
32.26 193452
32.27 194628
32.28 189924
32.29 189924
32.3 188748
32.31 184632
32.32 185808
32.33 186984
32.34 181692
32.35 152880
32.36 135828
32.37 135240
32.38 135828
32.39 136416
32.4 137592
32.41 138768
32.42 121128
32.43 122304
32.44 123480
32.45 123480
32.46 124068
32.47 125244
32.48 125832
32.49 127008
32.5 128772
32.51 128184
32.52 128772
32.53 129360
32.54 128772
32.55 129360
32.56 130536
32.57 131124
32.58 132888
32.59 133476
32.6 134064
32.61 134652
32.62 135240
32.63 135828
32.64 136416
32.65 137592
32.66 138180
32.67 138180
32.68 139944
32.69 139356
32.7 140532
32.71 141708
32.72 142296
32.73 142884
32.74 144648
32.75 144060
32.76 145236
32.77 146412
32.78 146412
32.79 147000
32.8 148176
32.81 148176
32.82 149352
32.83 149940
32.84 150528
32.85 151116
32.86 152880
32.87 152880
32.88 153468
32.89 154644
32.9 154644
32.91 155820
32.92 156996
32.93 156996
32.94 157584
32.95 158760
32.96 158172
32.97 158760
32.98 159348
32.99 159936
33 161112
33.01 161700
33.02 162288
33.03 164052
33.04 164052
33.05 164052
33.06 165816
33.07 165816
33.08 166992
33.09 168168
33.1 167580
33.11 169344
33.12 170520
33.13 169344
33.14 169344
33.15 169932
33.16 170520
33.17 171108
33.18 172284
33.19 172872
33.2 174048
33.21 175224
33.22 166404
33.23 166992
33.24 168756
33.25 168756
33.26 169344
33.27 170520
33.28 170520
33.29 170520
33.3 156408
33.31 156408
33.32 156408
33.33 158172
33.34 157584
33.35 158172
33.36 159936
33.37 159348
33.38 159936
33.39 161700
33.4 161112
33.41 161700
33.42 162876
33.43 162876
33.44 163464
33.45 137004
33.46 136416
33.47 137004
33.48 138768
33.49 138768
33.5 139944
33.51 140532
33.52 141120
33.53 142296
33.54 143472
33.55 144060
33.56 144060
33.57 144648
33.58 144648
33.59 145236
33.6 145824
33.61 147000
33.62 148176
33.63 148176
33.64 149352
33.65 149940
33.66 149940
33.67 149940
33.68 151116
33.69 152292
33.7 152880
33.71 153468
33.72 154056
33.73 154644
33.74 155820
33.75 155232
33.76 155820
33.77 157584
33.78 158172
33.79 158172
33.8 159936
33.81 159936
33.82 159936
33.83 161700
33.84 161700
33.85 162876
33.86 164052
33.87 164052
33.88 165228
33.89 166404
33.9 165816
33.91 166404
33.92 167580
33.93 168168
33.94 168756
33.95 169932
33.96 169932
33.97 171108
33.98 172284
33.99 171696
34 172872
34.01 174048
34.02 174048
34.03 174636
34.04 175812
34.05 175812
34.06 176400
34.07 177576
34.08 177576
34.09 178752
34.1 179340
34.11 179340
34.12 179928
34.13 181692
34.14 181692
34.15 182280
34.16 182868
34.17 182280
34.18 184044
34.19 184632
34.2 185220
34.21 184632
34.22 185808
34.23 186396
34.24 186984
34.25 179928
34.26 178164
34.27 168756
34.28 168756
34.29 169344
34.3 166404
34.31 166404
34.32 166992
34.33 154056
34.34 154056
34.35 154644
34.36 152292
34.37 143472
34.38 119364
34.39 120540
34.4 120540
34.41 112308
34.42 107016
34.43 107604
34.44 108780
34.45 109956
34.46 109956
34.47 110544
34.48 110544
34.49 111132
34.5 112308
34.51 113484
34.52 112896
34.53 114072
34.54 115248
34.55 114660
34.56 115248
34.57 116424
34.58 117012
34.59 117600
34.6 118776
34.61 118776
34.62 107604
34.63 91140
34.64 91140
34.65 92316
34.66 94080
34.67 94080
34.68 94668
34.69 94080
34.7 75264
34.71 75852
34.72 77616
34.73 77616
34.74 78204
34.75 79968
34.76 79968
34.77 81144
34.78 81732
34.79 82908
34.8 84084
34.81 84084
34.82 85260
34.83 86436
34.84 87612
34.85 88200
34.86 89376
34.87 89376
34.88 89376
34.89 91140
34.9 91728
34.91 92316
34.92 93492
34.93 93492
34.94 94668
34.95 95844
34.96 95844
34.97 97020
34.98 98784
34.99 98784
35 99372
35.01 101136
35.02 100548
35.03 101136
35.04 103488
35.05 103488
35.06 104076
35.07 105252
35.08 104664
35.09 105840
35.1 107016
35.11 107604
35.12 108780
35.13 110544
35.14 110544
35.15 110544
35.16 112308
35.17 112308
35.18 112896
35.19 114072
35.2 114660
35.21 115248
35.22 116424
35.23 117012
35.24 117012
35.25 118776
35.26 118776
35.27 119364
35.28 121128
35.29 121128
35.3 121716
35.31 122892
35.32 122892
35.33 123480
35.34 124656
35.35 124656
35.36 125832
35.37 127008
35.38 127596
35.39 127596
35.4 128772
35.41 129360
35.42 129948
35.43 129948
35.44 131712
35.45 132300
35.46 132888
35.47 133476
35.48 134652
35.49 134652
35.5 135240
35.51 137004
35.52 137004
35.53 137004
35.54 138768
35.55 138768
35.56 139356
35.57 140532
35.58 119364
35.59 120540
35.6 122304
35.61 121716
35.62 122892
35.63 124068
35.64 124068
35.65 124656
35.66 127008
35.67 127008
35.68 127596
35.69 128772
35.7 128184
35.71 129360
35.72 130536
35.73 130536
35.74 130536
35.75 132300
35.76 131712
35.77 132300
35.78 133476
35.79 134064
35.8 134652
35.81 136416
35.82 135828
35.83 137004
35.84 137592
35.85 137592
35.86 138768
35.87 139944
35.88 131124
35.89 118776
35.9 119364
35.91 119952
35.92 120540
35.93 121128
35.94 122304
35.95 118776
35.96 119952
35.97 119952
35.98 119952
35.99 121128
36 121716
36.01 121716
36.02 122892
36.03 124068
36.04 125244
36.05 124656
36.06 125244
36.07 127008
36.08 126420
36.09 127596
36.1 129360
36.11 129360
36.12 129948
36.13 131124
36.14 131124
36.15 132300
36.16 132888
36.17 133476
36.18 135240
36.19 135828
36.2 136416
36.21 137004
36.22 137592
36.23 137592
36.24 138180
36.25 139356
36.26 140532
36.27 141120
36.28 142884
36.29 142884
36.3 142884
36.31 144060
36.32 143472
36.33 144648
36.34 146412
36.35 146412
36.36 147000
36.37 148176
36.38 148176
36.39 149352
36.4 149940
36.41 150528
36.42 151704
36.43 152880
36.44 152880
36.45 153468
36.46 154644
36.47 155232
36.48 154644
36.49 155820
36.5 156996
36.51 157584
36.52 158760
36.53 158172
36.54 159348
36.55 161112
36.56 160524
36.57 153468
36.58 155232
36.59 155232
36.6 156408
36.61 156408
36.62 156996
36.63 156996
36.64 156996
36.65 139356
36.66 141120
36.67 141120
36.68 141708
36.69 142884
36.7 142884
36.71 142884
36.72 144060
36.73 144060
36.74 146412
36.75 147000
36.76 147000
36.77 147588
36.78 149352
36.79 148764
36.8 149352
36.81 150528
36.82 151704
36.83 152292
36.84 153468
36.85 153468
36.86 153468
36.87 154644
36.88 154644
36.89 155232
36.9 157584
36.91 157584
36.92 158172
36.93 159348
36.94 158760
36.95 159348
36.96 161112
36.97 160524
36.98 161700
36.99 163464
37 162876
37.01 164052
37.02 164640
37.03 164640
37.04 165816
37.05 166992
37.06 167580
37.07 168756
37.08 169344
37.09 168756
37.1 169344
37.11 169932
37.12 170520
37.13 171696
37.14 172872
37.15 172872
37.16 173460
37.17 174048
37.18 174636
37.19 174636
37.2 174048
37.21 175224
37.22 176400
37.23 176400
37.24 176988
37.25 178164
37.26 178164
37.27 179340
37.28 179928
37.29 179928
37.3 182280
37.31 182868
37.32 182868
37.33 182868
37.34 184044
37.35 184044
37.36 179928
37.37 161700
37.38 162288
37.39 164052
37.4 164640
37.41 165228
37.42 165816
37.43 166404
37.44 156996
37.45 155820
37.46 156996
37.47 158172
37.48 158172
37.49 159348
37.5 159348
37.51 159348
37.52 159936
37.53 161112
37.54 161700
37.55 163464
37.56 163464
37.57 163464
37.58 165228
37.59 165228
37.6 165228
37.61 166992
37.62 166992
37.63 167580
37.64 169932
37.65 169344
37.66 169932
37.67 171108
37.68 170520
37.69 171108
37.7 172872
37.71 172872
37.72 174048
37.73 175812
37.74 175224
37.75 175812
37.76 176988
37.77 176400
37.78 177576
37.79 177576
37.8 178752
37.81 180516
37.82 181104
37.83 181104
37.84 182868
37.85 182280
37.86 182280
37.87 184044
37.88 184044
37.89 185220
37.9 185808
37.91 185808
37.92 186396
37.93 188160
37.94 187572
37.95 188160
37.96 189336
37.97 189924
37.98 190512
37.99 191688
38 191100
38.01 191688
38.02 192864
38.03 193452
38.04 194040
38.05 195804
38.06 195216
38.07 196392
38.08 197568
38.09 196980
38.1 196980
38.11 198156
38.12 198744
38.13 199920
38.14 200508
38.15 200508
38.16 200508
38.17 202272
38.18 201096
38.19 201096
38.2 202272
38.21 202272
38.22 204036
38.23 205212
38.24 205212
38.25 205212
38.26 207564
38.27 205212
38.28 201096
38.29 201684
38.3 201684
38.31 202860
38.32 204624
38.33 204624
38.34 205212
38.35 194628
38.36 176400
38.37 176988
38.38 177576
38.39 177576
38.4 178752
38.41 179928
38.42 179928
38.43 180516
38.44 180516
38.45 181692
38.46 182280
38.47 182280
38.48 182280
38.49 184044
38.5 184632
38.51 185220
38.52 185808
38.53 185808
38.54 186396
38.55 187572
38.56 188160
38.57 188748
38.58 190512
38.59 190512
38.6 191100
38.61 192276
38.62 191688
38.63 192276
38.64 192864
38.65 192864
38.66 193452
38.67 195216
38.68 195216
38.69 195804
38.7 196980
38.71 196392
38.72 196980
38.73 198156
38.74 198156
38.75 198744
38.76 200508
38.77 200508
38.78 201684
38.79 202860
38.8 202272
38.81 178752
38.82 179928
38.83 179928
38.84 180516
38.85 182280
38.86 174636
38.87 171696
38.88 173460
38.89 173460
38.9 173460
38.91 175224
38.92 174636
38.93 175812
38.94 176988
38.95 176988
38.96 177576
38.97 178752
38.98 178164
38.99 178752
39 179928
39.01 180516
39.02 181692
39.03 181692
39.04 182280
39.05 183456
39.06 183456
39.07 184044
39.08 185808
39.09 185808
39.1 186396
39.11 188160
39.12 188160
39.13 188748
39.14 178164
39.15 172284
39.16 172872
39.17 174636
39.18 174636
39.19 174636
39.2 175812
39.21 170520
39.22 158760
39.23 159936
39.24 159936
39.25 160524
39.26 161700
39.27 161700
39.28 162288
39.29 162876
39.3 163464
39.31 164052
39.32 165816
39.33 165816
39.34 166992
39.35 168168
39.36 168168
39.37 168168
39.38 168756
39.39 169344
39.4 170520
39.41 171108
39.42 172284
39.43 172872
39.44 173460
39.45 172872
39.46 173460
39.47 174636
39.48 175224
39.49 175812
39.5 175812
39.51 176400
39.52 177576
39.53 178164
39.54 178164
39.55 178164
39.56 179340
39.57 179928
39.58 179928
39.59 180516
39.6 181692
39.61 182280
39.62 182280
39.63 182868
39.64 183456
39.65 184044
39.66 181692
39.67 168756
39.68 168756
39.69 169932
39.7 170520
39.71 170520
39.72 171108
39.73 171696
39.74 164640
39.75 161700
39.76 162876
39.77 162876
39.78 163464
39.79 164052
39.8 163464
39.81 161112
39.82 147000
39.83 147588
39.84 147588
39.85 140532
39.86 129948
39.87 124068
39.88 125244
39.89 125832
39.9 125832
39.91 128184
39.92 127008
39.93 127596
39.94 128772
39.95 128772
39.96 129948
39.97 131124
39.98 131124
39.99 132300
40 134064
40.01 133476
40.02 134064
40.03 135240
40.04 135828
40.05 136416
40.06 137592
40.07 137592
40.08 138768
40.09 139944
40.1 139356
40.11 139944
40.12 142296
40.13 142296
40.14 142884
40.15 144060
40.16 144060
40.17 144648
40.18 145824
40.19 145824
40.2 147000
40.21 147588
40.22 148176
40.23 148764
40.24 149940
40.25 150528
40.26 151704
40.27 151704
40.28 152880
40.29 154056
40.3 154056
40.31 154644
40.32 155820
40.33 156408
40.34 156408
40.35 157584
40.36 158760
40.37 158760
40.38 160524
40.39 160524
40.4 161112
40.41 162876
40.42 162288
40.43 162288
40.44 163464
40.45 163464
40.46 164640
40.47 165228
40.48 165816
40.49 165816
40.5 167580
40.51 166992
40.52 168168
40.53 169344
40.54 169932
40.55 169932
40.56 171696
40.57 171696
40.58 171696
40.59 172872
40.6 172872
40.61 174048
40.62 175224
40.63 175224
40.64 175812
40.65 176988
40.66 176988
40.67 177576
40.68 178752
40.69 178752
40.7 179928
40.71 181692
40.72 181104
40.73 181692
40.74 182868
40.75 182868
40.76 182868
40.77 184044
40.78 184632
40.79 185220
40.8 185808
40.81 186396
40.82 181104
40.83 181692
40.84 182280
40.85 183456
40.86 182868
40.87 183456
40.88 184632
40.89 184632
40.9 175224
40.91 176400
40.92 175812
40.93 176400
40.94 178164
40.95 178164
40.96 166992
40.97 168168
40.98 168168
40.99 168756
41 169932
41.01 169932
41.02 170520
41.03 171696
41.04 155820
41.05 156408
41.06 157584
41.07 157584
41.08 157584
41.09 158760
41.1 158760
41.11 159348
41.12 161112
41.13 161112
41.14 161700
41.15 164052
41.16 163464
41.17 163464
41.18 164640
41.19 165228
41.2 165228
41.21 166992
41.22 166992
41.23 168168
41.24 169344
41.25 168756
41.26 169344
41.27 170520
41.28 171108
41.29 172284
41.3 173460
41.31 173460
41.32 174048
41.33 175224
41.34 175224
41.35 175224
41.36 176988
41.37 176988
41.38 177576
41.39 178164
41.4 178752
41.41 179928
41.42 179928
41.43 181104
41.44 181104
41.45 182280
41.46 183456
41.47 184044
41.48 184632
41.49 185220
41.5 185808
41.51 185808
41.52 186396
41.53 188160
41.54 188160
41.55 189336
41.56 189924
41.57 190512
41.58 191100
41.59 191688
41.6 191688
41.61 192276
41.62 194040
41.63 194040
41.64 195216
41.65 196392
41.66 196392
41.67 196980
41.68 197568
41.69 197568
41.7 197568
41.71 199332
41.72 199920
41.73 200508
41.74 201684
41.75 202272
41.76 202272
41.77 203448
41.78 203448
41.79 203448
41.8 204624
41.81 204624
41.82 204624
41.83 206388
41.84 206388
41.85 206976
41.86 208740
41.87 208740
41.88 208740
41.89 211092
41.9 210504
41.91 210504
41.92 211680
41.93 211680
41.94 212268
41.95 213444
41.96 214032
41.97 214032
41.98 215796
41.99 215796
42 216384
42.01 216384
42.02 217560
42.03 217560
42.04 217560
42.05 217560
42.06 218736
42.07 218736
42.08 219912
42.09 221676
42.1 221088
42.11 221088
42.12 222264
42.13 222264
42.14 222264
42.15 223440
42.16 223440
42.17 224616
42.18 225792
42.19 226380
42.2 226380
42.21 226968
42.22 226968
42.23 227556
42.24 222264
42.25 209328
42.26 209328
42.27 211092
42.28 211092
42.29 211680
42.3 212856
42.31 212268
42.32 211680
42.33 206388
42.34 205800
42.35 206388
42.36 207564
42.37 208152
42.38 208740
42.39 209916
42.4 209328
42.41 209916
42.42 211680
42.43 211092
42.44 211680
42.45 212856
42.46 212856
42.47 213444
42.48 215208
42.49 214620
42.5 214620
42.51 216384
42.52 216384
42.53 216972
42.54 218148
42.55 218148
42.56 218736
42.57 219912
42.58 214620
42.59 181104
42.6 181692
42.61 182868
42.62 183456
42.63 184044
42.64 184044
42.65 185808
42.66 185220
42.67 183456
42.68 184632
42.69 185220
42.7 185808
42.71 186984
42.72 186984
42.73 186984
42.74 188160
42.75 187572
42.76 188160
42.77 188748
42.78 189336
42.79 189924
42.8 191100
42.81 191100
42.82 191100
42.83 192276
42.84 192276
42.85 192864
42.86 182868
42.87 182280
42.88 182868
42.89 184044
42.9 183456
42.91 174636
42.92 175812
42.93 175224
42.94 156408
42.95 157584
42.96 157584
42.97 158760
42.98 153468
42.99 135828
43 136416
43.01 137592
43.02 137592
43.03 138768
43.04 139944
43.05 140532
43.06 141120
43.07 142296
43.08 142884
43.09 142884
43.1 144648
43.11 144648
43.12 145236
43.13 147000
43.14 125244
43.15 122304
43.16 122304
43.17 111720
43.18 112896
43.19 113484
43.2 114072
43.21 115248
43.22 115836
43.23 116424
43.24 117600
43.25 118188
43.26 119364
43.27 120540
43.28 120540
43.29 121128
43.3 122304
43.31 121716
43.32 122892
43.33 124068
43.34 124656
43.35 125244
43.36 126420
43.37 126420
43.38 127008
43.39 128772
43.4 128772
43.41 129948
43.42 131124
43.43 131124
43.44 131124
43.45 132300
43.46 132300
43.47 133476
43.48 135240
43.49 135240
43.5 135828
43.51 137004
43.52 137592
43.53 137592
43.54 139356
43.55 139356
43.56 139944
43.57 140532
43.58 140532
43.59 141120
43.6 142884
43.61 142296
43.62 142884
43.63 144060
43.64 145236
43.65 145236
43.66 146412
43.67 147000
43.68 148176
43.69 148764
43.7 148764
43.71 149352
43.72 151704
43.73 151704
43.74 151704
43.75 153468
43.76 154056
43.77 154056
43.78 155232
43.79 154644
43.8 155232
43.81 156408
43.82 156408
43.83 156996
43.84 157584
43.85 157584
43.86 158760
43.87 155232
43.88 152880
43.89 154056
43.9 154644
43.91 155820
43.92 156996
43.93 155820
43.94 156408
43.95 146412
43.96 146412
43.97 147000
43.98 148764
43.99 149352
44 149940
44.01 150528
44.02 149940
44.03 151116
44.04 152292
44.05 152292
44.06 153468
44.07 154644
44.08 154056
44.09 122304
44.1 118776
44.11 119364
44.12 119952
44.13 121128
44.14 120540
44.15 121128
44.16 122892
44.17 123480
44.18 124068
44.19 125832
44.2 126420
44.21 126420
44.22 127596
44.23 127596
44.24 128184
44.25 129948
44.26 130536
44.27 131124
44.28 132300
44.29 131712
44.3 132300
44.31 133476
44.32 134064
44.33 135828
44.34 137004
44.35 137004
44.36 137592
44.37 138768
44.38 138180
44.39 139356
44.4 140532
44.41 141120
44.42 141708
44.43 142296
44.44 142884
44.45 143472
44.46 143472
44.47 144060
44.48 145824
44.49 145824
44.5 146412
44.51 147000
44.52 147588
44.53 147588
44.54 148764
44.55 148176
44.56 148176
44.57 149940
44.58 150528
44.59 151116
44.6 152292
44.61 152292
44.62 154056
44.63 154644
44.64 154644
44.65 155232
44.66 156996
44.67 156996
44.68 157584
44.69 158760
44.7 159348
44.71 159936
44.72 160524
44.73 161112
44.74 162288
44.75 163464
44.76 162876
44.77 164052
44.78 165228
44.79 165228
44.8 165816
44.81 167580
44.82 166992
44.83 167580
44.84 168756
44.85 168756
44.86 169344
44.87 170520
44.88 170520
44.89 171108
44.9 172872
44.91 164052
44.92 164052
44.93 165228
44.94 165816
44.95 166404
44.96 167580
44.97 166404
44.98 166992
44.99 151704
45 151704
45.01 152880
45.02 152880
45.03 153468
45.04 154644
45.05 155232
45.06 156408
45.07 157584
45.08 157584
45.09 158172
45.1 158760
45.11 158760
45.12 159936
45.13 161112
45.14 161112
45.15 161700
45.16 163464
45.17 162876
45.18 163464
45.19 164640
45.2 164640
45.21 165816
45.22 166992
45.23 167580
45.24 168756
45.25 169344
45.26 169344
45.27 169932
45.28 171108
45.29 171696
45.3 172284
45.31 173460
45.32 174048
45.33 174048
45.34 175224
45.35 174636
45.36 175812
45.37 176988
45.38 177576
45.39 178164
45.4 178752
45.41 178752
45.42 177576
45.43 170520
45.44 170520
45.45 171108
45.46 172872
45.47 173460
45.48 174636
45.49 174048
45.5 159936
45.51 152292
45.52 153468
45.53 152880
45.54 152880
45.55 154056
45.56 154644
45.57 155232
45.58 156408
45.59 156996
45.6 157584
45.61 158760
45.62 158760
45.63 159348
45.64 159936
45.65 151116
45.66 148176
45.67 149352
45.68 149352
45.69 151116
45.7 151116
45.71 151116
45.72 150528
45.73 150528
45.74 150528
45.75 151704
45.76 151116
45.77 152292
45.78 153468
45.79 152880
45.8 154644
45.81 156408
45.82 156408
45.83 156408
45.84 157584
45.85 158172
45.86 158760
45.87 159348
45.88 159936
45.89 161112
45.9 162288
45.91 162288
45.92 162288
45.93 163464
45.94 163464
45.95 164052
45.96 165816
45.97 166404
45.98 166992
45.99 168168
46 168168
46.01 168168
46.02 169932
46.03 169932
46.04 171108
46.05 172872
46.06 172872
46.07 173460
46.08 174048
46.09 174048
46.1 174636
46.11 175812
46.12 175224
46.13 175812
46.14 177576
46.15 177576
46.16 178752
46.17 179928
46.18 179928
46.19 180516
46.2 180516
46.21 181692
46.22 182280
46.23 183456
46.24 184044
46.25 185220
46.26 184632
46.27 185220
46.28 186396
46.29 186396
46.3 186984
46.31 188748
46.32 188748
46.33 189924
46.34 190512
46.35 190512
46.36 189336
46.37 189924
46.38 190512
46.39 190512
46.4 192276
46.41 192276
46.42 192864
46.43 187572
46.44 169932
46.45 170520
46.46 171696
46.47 172284
46.48 172284
46.49 173460
46.5 174048
46.51 174636
46.52 175812
46.53 175224
46.54 175224
46.55 176400
46.56 176988
46.57 177576
46.58 178752
46.59 179340
46.6 179928
46.61 181692
46.62 181104
46.63 181104
46.64 182868
46.65 182280
46.66 182280
46.67 183456
46.68 183456
46.69 184632
46.7 185808
46.71 185220
46.72 185808
46.73 187572
46.74 188160
46.75 188160
46.76 189336
46.77 189336
46.78 189924
46.79 191688
46.8 191688
46.81 191688
46.82 175224
46.83 176400
46.84 176400
46.85 176400
46.86 176988
46.87 178752
46.88 178752
46.89 179340
46.9 169344
46.91 169932
46.92 170520
46.93 171108
46.94 171108
46.95 171696
46.96 173460
46.97 173460
46.98 174636
46.99 175812
47 175812
47.01 176400
47.02 176988
47.03 176988
47.04 178164
47.05 179340
47.06 179928
47.07 180516
47.08 181104
47.09 181692
47.1 181692
47.11 182868
47.12 182868
47.13 184044
47.14 185220
47.15 186396
47.16 186396
47.17 186984
47.18 186984
47.19 186984
47.2 188160
47.21 187572
47.22 187572
47.23 188160
47.24 189336
47.25 189924
47.26 190512
47.27 190512
47.28 191688
47.29 192864
47.3 192276
47.31 192276
47.32 194040
47.33 194628
47.34 195216
47.35 196392
47.36 188748
47.37 189924
47.38 190512
47.39 174048
47.4 174636
47.41 175224
47.42 176400
47.43 176988
47.44 169344
47.45 169932
47.46 171696
47.47 171696
47.48 171696
47.49 172872
47.5 174048
47.51 174048
47.52 175224
47.53 175812
47.54 176988
47.55 177576
47.56 177576
47.57 178164
47.58 179340
47.59 179928
47.6 180516
47.61 181692
47.62 180516
47.63 181104
47.64 182868
47.65 182868
47.66 183456
47.67 185220
47.68 184632
47.69 185220
47.7 186984
47.71 185808
47.72 186396
47.73 188160
47.74 188160
47.75 188748
47.76 190512
47.77 190512
47.78 190512
47.79 160524
47.8 160524
47.81 161112
47.82 162288
47.83 162288
47.84 163464
47.85 164640
47.86 164052
47.87 164640
47.88 165816
47.89 165816
47.9 166404
47.91 167580
47.92 167580
47.93 169344
47.94 170520
47.95 169932
47.96 170520
47.97 171696
47.98 172284
47.99 172872
48 172872
48.01 174048
48.02 174636
48.03 175224
48.04 175812
48.05 176400
48.06 176988
48.07 177576
48.08 178164
48.09 177576
48.1 178752
48.11 179340
48.12 179928
48.13 180516
48.14 182280
48.15 181692
48.16 182280
48.17 178164
48.18 178164
48.19 178752
48.2 179928
48.21 180516
48.22 181104
48.23 181692
48.24 181104
48.25 164640
48.26 165816
48.27 165816
48.28 166404
48.29 167580
48.3 168168
48.31 168756
48.32 169344
48.33 169344
48.34 170520
48.35 171108
48.36 171108
48.37 172284
48.38 173460
48.39 172872
48.4 172284
48.41 173460
48.42 174636
48.43 174636
48.44 175812
48.45 174636
48.46 160524
48.47 161112
48.48 159936
48.49 159936
48.5 161112
48.51 161700
48.52 161700
48.53 162876
48.54 163464
48.55 164640
48.56 165228
48.57 165228
48.58 166404
48.59 168168
48.6 167580
48.61 168168
48.62 169344
48.63 170520
48.64 170520
48.65 171108
48.66 171696
48.67 173460
48.68 173460
48.69 174048
48.7 175224
48.71 176400
48.72 176400
48.73 176988
48.74 176988
48.75 177576
48.76 179340
48.77 178752
48.78 179340
48.79 181104
48.8 182280
48.81 182280
48.82 182868
48.83 182280
48.84 184044
48.85 184632
48.86 184632
48.87 185220
48.88 186396
48.89 186396
48.9 186984
48.91 188160
48.92 188160
48.93 189336
48.94 190512
48.95 190512
48.96 191100
48.97 192864
48.98 192276
48.99 192864
49 194040
49.01 194040
49.02 195216
49.03 195804
49.04 195804
49.05 196392
49.06 197568
49.07 197568
49.08 197568
49.09 198744
49.1 198744
49.11 199920
49.12 200508
49.13 200508
49.14 201684
49.15 202860
49.16 202860
49.17 202860
49.18 204624
49.19 204624
49.2 205212
49.21 205212
49.22 206388
49.23 206976
49.24 207564
49.25 208152
49.26 208740
49.27 208740
49.28 208740
49.29 209328
49.3 204036
49.31 204624
49.32 205800
49.33 205800
49.34 206388
49.35 207564
49.36 207564
49.37 206976
49.38 184044
49.39 174048
49.4 174636
49.41 176400
49.42 176400
49.43 176988
49.44 178164
49.45 178164
49.46 179340
49.47 180516
49.48 180516
49.49 181104
49.5 182280
49.51 182280
49.52 182280
49.53 183456
49.54 184044
49.55 184632
49.56 185808
49.57 185220
49.58 185808
49.59 186396
49.6 186984
49.61 186984
49.62 179928
49.63 179928
49.64 180516
49.65 181692
49.66 181104
49.67 182280
49.68 182868
49.69 160524
49.7 149940
49.71 151704
49.72 151704
49.73 152292
49.74 153468
49.75 154056
49.76 154056
49.77 155820
49.78 155820
49.79 156996
49.8 157584
49.81 158172
49.82 158760
49.83 159348
49.84 159936
49.85 160524
49.86 161112
49.87 161700
49.88 163464
49.89 163464
49.9 164640
49.91 165816
49.92 165816
49.93 166404
49.94 166992
49.95 166992
49.96 168168
49.97 169344
49.98 169932
49.99 169932
