0.01 0
0.02 0
0.03 0
0.04 0
0.05 1176
0.06 60340
0.07 119936
0.08 168412
0.09 203952
0.1 254140
0.11 258688
0.12 262440
0.13 283936
0.14 280736
0.15 290472
0.16 276948
0.17 257544
0.18 261072
0.19 259896
0.2 265776
0.21 245784
0.22 245784
0.23 246960
0.24 261072
0.25 285768
0.26 288120
0.27 298116
0.28 307524
0.29 316344
0.3 352800
0.31 371028
0.32 379260
0.33 373968
0.34 403956
0.35 438060
0.36 478044
0.37 476868
0.38 499800
0.39 498624
0.4 499800
0.41 496860
0.42 489216
0.43 488628
0.44 498036
0.45 499800
0.46 496860
0.47 499212
0.48 499800
0.49 492156
0.5 499800
0.51 499800
0.52 493332
0.53 487452
0.54 489804
0.55 499800
0.56 499212
0.57 497448
0.58 496860
0.59 479220
0.6 499800
0.61 497448
0.62 483336
0.63 499800
0.64 480984
0.65 445704
0.66 399840
0.67 422184
0.68 413952
0.69 447468
0.7 474516
0.71 477456
0.72 482748
0.73 493920
0.74 465108
0.75 490980
0.76 499800
0.77 482748
0.78 495684
0.79 457464
0.8 422184
0.81 419832
0.82 429240
0.83 433944
0.84 454524
0.85 455112
0.86 437472
0.87 426300
0.88 416304
0.89 430416
0.9 457464
0.91 430416
0.92 392196
0.93 419244
0.94 402780
0.95 367500
0.96 336336
0.97 332808
0.98 431592
0.99 448056
1 437472
1.01 447468
1.02 448644
1.03 434532
1.04 452760
1.05 499800
1.06 495684
1.07 464520
1.08 472164
1.09 437472
1.1 452172
1.11 499800
1.12 499212
1.13 499212
1.14 498624
1.15 489216
1.16 466872
1.17 474516
1.18 481572
1.19 486276
1.2 486276
1.21 499800
1.22 498036
1.23 483924
1.24 498036
1.25 497448
1.26 499800
1.27 497448
1.28 466872
1.29 459228
1.3 442176
1.31 421596
1.32 376320
1.33 361620
1.34 371028
1.35 417480
1.36 448644
1.37 435120
1.38 458052
1.39 475692
1.4 493920
1.41 475104
1.42 481572
1.43 499800
1.44 499800
1.45 489804
1.46 458052
1.47 441000
1.48 422184
1.49 380436
1.5 383964
1.51 373380
1.52 331632
1.53 353388
1.54 367500
1.55 358680
1.56 329280
1.57 321048
1.58 325752
1.59 304584
1.6 265188
1.61 262248
1.62 242844
1.63 269304
1.64 277536
1.65 251076
1.66 248724
1.67 256956
1.68 262836
1.69 279888
1.7 311640
1.71 289884
1.72 269304
1.73 288120
1.74 274596
1.75 264012
1.76 278712
1.77 295176
1.78 288120
1.79 285768
1.8 279888
1.81 303408
1.82 297528
1.83 301644
1.84 287532
1.85 282240
1.86 285768
1.87 269892
1.88 254604
1.89 286944
1.9 307524
1.91 319872
1.92 342804
1.93 366912
1.94 372792
1.95 356916
1.96 337512
1.97 338100
1.98 311052
1.99 304584
2 310464
2.01 342804
2.02 367500
2.03 369852
2.04 373968
2.05 405132
2.06 405132
2.07 420420
2.08 422184
2.09 415128
2.1 422184
2.11 433944
2.12 421596
2.13 421008
2.14 418068
2.15 421008
2.16 406308
2.17 425124
2.18 437472
2.19 435708
2.2 459228
2.21 452760
2.22 426300
2.23 424536
2.24 406896
2.25 418068
2.26 417480
2.27 443940
2.28 467460
2.29 469812
2.3 465108
2.31 464520
2.32 458052
2.33 452760
2.34 453936
2.35 489804
2.36 496272
2.37 470988
2.38 473928
2.39 495684
2.4 471576
2.41 436296
2.42 423948
2.43 426888
2.44 411012
2.45 389256
2.46 386316
2.47 409836
2.48 405720
2.49 385728
2.5 372792
2.51 398076
2.52 381024
2.53 353388
2.54 368676
2.55 375144
2.56 393960
2.57 403956
2.58 393372
2.59 383376
2.6 381024
2.61 393372
2.62 390432
2.63 384552
2.64 389256
2.65 371616
2.66 372792
2.67 374556
2.68 385728
2.69 385728
2.7 362796
2.71 352800
2.72 370440
2.73 370440
2.74 372792
2.75 367500
2.76 346332
2.77 348096
2.78 355152
2.79 353976
2.8 354564
2.81 368676
2.82 373968
2.83 367500
2.84 347508
2.85 365736
2.86 351036
2.87 338100
2.88 331632
2.89 342804
2.9 346332
2.91 341040
2.92 351036
2.93 363384
2.94 353976
2.95 369264
2.96 365148
2.97 351624
2.98 338688
2.99 349860
3 355152
3.01 362208
3.02 350448
3.03 359856
3.04 382200
3.05 373380
3.06 368088
3.07 368088
3.08 374556
3.09 361620
3.1 374556
3.11 365148
3.12 381612
3.13 378672
3.14 383964
3.15 400428
3.16 386316
3.17 393372
3.18 386904
3.19 366912
3.2 387492
3.21 398076
3.22 396312
3.23 396312
3.24 387492
3.25 398664
3.26 395724
3.27 401016
3.28 384552
3.29 402192
3.3 393372
3.31 369852
3.32 361620
3.33 365736
3.34 389844
3.35 416892
3.36 425712
3.37 431004
3.38 437472
3.39 423948
3.4 401016
3.41 370440
3.42 367500
3.43 387492
3.44 379848
3.45 385728
3.46 393960
3.47 395136
3.48 406896
3.49 418656
3.5 422772
3.51 394548
3.52 391020
3.53 374556
3.54 358680
3.55 358092
3.56 367500
3.57 381612
3.58 407484
3.59 403956
3.6 400428
3.61 396312
3.62 388668
3.63 392784
3.64 386904
3.65 358092
3.66 346920
3.67 348096
3.68 376320
3.69 379848
3.7 385140
3.71 373968
3.72 380436
3.73 382200
3.74 370440
3.75 363972
3.76 342216
3.77 351036
3.78 353976
3.79 366324
3.8 362208
3.81 343392
3.82 326928
3.83 319872
3.84 318108
3.85 344568
3.86 351624
3.87 328692
3.88 303996
3.89 290472
3.9 280476
3.91 299880
3.92 306936
3.93 298704
3.94 313992
3.95 313992
3.96 294588
3.97 294588
3.98 293412
3.99 268716
4 254016
4.01 246960
4.02 258720
4.03 265776
4.04 267540
4.05 257544
4.06 266364
4.07 250488
4.08 248136
4.09 246372
4.1 225792
4.11 206388
4.12 214032
4.13 229320
4.14 218148
4.15 226380
4.16 201684
4.17 205212
4.18 198744
4.19 204036
4.2 218736
4.21 228144
4.22 213444
4.23 191688
4.24 166404
4.25 158760
4.26 172284
4.27 187572
4.28 192276
4.29 194040
4.3 178752
4.31 176400
4.32 183456
4.33 168168
4.34 170520
4.35 176988
4.36 148764
4.37 135828
4.38 142884
4.39 154056
4.4 184632
4.41 191688
4.42 184044
4.43 155232
4.44 152880
4.45 181104
4.46 176988
4.47 164640
4.48 159348
4.49 152292
4.5 168168
4.51 188160
4.52 186984
4.53 186984
4.54 182280
4.55 158172
4.56 160524
4.57 175812
4.58 190512
4.59 175812
4.6 192276
4.61 195216
4.62 189336
4.63 157584
4.64 170520
4.65 187572
4.66 204624
4.67 199920
4.68 182868
4.69 170520
4.7 156408
4.71 145236
4.72 149352
4.73 164640
4.74 164640
4.75 159936
4.76 139356
4.77 165228
4.78 160524
4.79 154056
4.8 153468
4.81 143472
4.82 138180
4.83 154056
4.84 163464
4.85 152292
4.86 140532
4.87 138180
4.88 146412
4.89 155820
4.9 166992
4.91 166404
4.92 152292
4.93 163464
4.94 178164
4.95 177576
4.96 200508
4.97 182280
4.98 174048
4.99 177576
5 186984
5.01 177576
5.02 180516
5.03 189336
5.04 166404
5.05 171108
5.06 179340
5.07 196392
5.08 190512
5.09 183456
5.1 181104
5.11 181692
5.12 163464
5.13 167580
5.14 148764
5.15 147000
5.16 150528
5.17 138180
5.18 151704
5.19 155820
5.2 164640
5.21 158760
5.22 128184
5.23 129948
5.24 144060
5.25 139356
5.26 138768
5.27 129360
5.28 137592
5.29 147588
5.3 158760
5.31 171108
5.32 182280
5.33 181104
5.34 159936
5.35 168168
5.36 185220
5.37 175812
5.38 182868
5.39 186396
5.4 169932
5.41 171108
5.42 159936
5.43 196980
5.44 206388
5.45 194628
5.46 181692
5.47 201096
5.48 189924
5.49 191100
5.5 179340
5.51 165816
5.52 171696
5.53 169344
5.54 181104
5.55 172284
5.56 171696
5.57 178752
5.58 168168
5.59 167580
5.6 166404
5.61 151116
5.62 168756
5.63 172284
5.64 156996
5.65 141708
5.66 124068
5.67 140532
5.68 150528
5.69 162288
5.7 176400
5.71 166992
5.72 147000
5.73 126420
5.74 127008
5.75 143472
5.76 151704
5.77 154056
5.78 159936
5.79 166992
5.8 146412
5.81 159348
5.82 177576
5.83 162288
5.84 168756
5.85 176988
5.86 178164
5.87 171696
5.88 171696
5.89 176988
5.9 175812
5.91 191100
5.92 201684
5.93 191688
5.94 187572
5.95 191688
5.96 198744
5.97 205800
5.98 209328
5.99 199920
6 195216
6.01 187572
6.02 167580
6.03 168756
6.04 176400
6.05 188748
6.06 189336
6.07 179928
6.08 185220
6.09 168756
6.1 171108
6.11 185808
6.12 179928
6.13 164640
6.14 154056
6.15 147588
6.16 154644
6.17 164052
6.18 149352
6.19 162288
6.2 175812
6.21 176988
6.22 152880
6.23 159936
6.24 143472
6.25 148176
6.26 158760
6.27 160524
6.28 158172
6.29 182280
6.3 170520
6.31 178752
6.32 171108
6.33 161112
6.34 152880
6.35 160524
6.36 172872
6.37 204624
6.38 204036
6.39 193452
6.4 180516
6.41 165816
6.42 168756
6.43 174048
6.44 191100
6.45 214620
6.46 206388
6.47 194040
6.48 195216
6.49 180516
6.5 185808
6.51 188160
6.52 206976
6.53 213444
6.54 209328
6.55 193452
6.56 190512
6.57 192864
6.58 191100
6.59 200508
6.6 198744
6.61 163464
6.62 166404
6.63 172872
6.64 166992
6.65 148764
6.66 169932
6.67 183456
6.68 164052
6.69 164052
6.7 144648
6.71 150528
6.72 151704
6.73 159936
6.74 149352
6.75 155232
6.76 149352
6.77 153468
6.78 165816
6.79 170520
6.8 165228
6.81 175224
6.82 165228
6.83 155820
6.84 149352
6.85 150528
6.86 148764
6.87 165228
6.88 178164
6.89 170520
6.9 196392
6.91 198156
6.92 178164
6.93 156996
6.94 145236
6.95 158760
6.96 168756
6.97 176988
6.98 193452
6.99 198156
7 178164
7.01 164640
7.02 171696
7.03 176400
7.04 165816
7.05 171108
7.06 174048
7.07 165228
7.08 156408
7.09 155820
7.1 152880
7.11 174636
7.12 179928
7.13 159348
7.14 162876
7.15 159348
7.16 163464
7.17 160524
7.18 155820
7.19 159936
7.2 148764
7.21 144648
7.22 155232
7.23 170520
7.24 201684
7.25 187572
7.26 174048
7.27 172284
7.28 181104
7.29 165228
7.3 166404
7.31 165228
7.32 177576
7.33 182280
7.34 188748
7.35 203448
7.36 192864
7.37 195804
7.38 191688
7.39 195804
7.4 174636
7.41 175812
7.42 181104
7.43 187572
7.44 179928
7.45 173460
7.46 164052
7.47 175224
7.48 186984
7.49 190512
7.5 181104
7.51 156996
7.52 146412
7.53 122892
7.54 152880
7.55 161112
7.56 162876
7.57 168756
7.58 146412
7.59 161700
7.6 166404
7.61 156408
7.62 159348
7.63 160524
7.64 162288
7.65 171108
7.66 172872
7.67 182280
7.68 164640
7.69 142884
7.7 149352
7.71 157584
7.72 182280
7.73 189336
7.74 204624
7.75 198744
7.76 187572
7.77 172284
7.78 162876
7.79 176400
7.8 171108
7.81 185220
7.82 190512
7.83 179340
7.84 179340
7.85 187572
7.86 207564
7.87 196392
7.88 174636
7.89 171696
7.9 156996
7.91 173460
7.92 169932
7.93 152292
7.94 172872
7.95 165816
7.96 164052
7.97 147000
7.98 149940
7.99 172872
8 176988
8.01 168168
8.02 173460
8.03 171108
8.04 151116
8.05 155232
8.06 153468
8.07 155232
8.08 153468
8.09 180516
8.1 172872
8.11 162876
8.12 182280
8.13 195216
8.14 205212
8.15 205800
8.16 179928
8.17 143472
8.18 154644
8.19 153468
8.2 175224
8.21 195804
8.22 191688
8.23 196980
8.24 179340
8.25 168756
8.26 169344
8.27 159348
8.28 159936
8.29 158172
8.3 162876
8.31 189924
8.32 181104
8.33 179928
8.34 171696
8.35 175224
8.36 175224
8.37 155232
8.38 147588
8.39 155232
8.4 145824
8.41 164640
8.42 194040
8.43 191100
8.44 174636
8.45 158760
8.46 146412
8.47 145824
8.48 147588
8.49 153468
8.5 172284
8.51 165228
8.52 161700
8.53 174048
8.54 172872
8.55 164052
8.56 163464
8.57 168756
8.58 166404
8.59 159348
8.6 152880
8.61 164052
8.62 159348
8.63 178164
8.64 180516
8.65 174048
8.66 187572
8.67 164052
8.68 153468
8.69 147000
8.7 171696
8.71 172284
8.72 169344
8.73 167580
8.74 162288
8.75 152880
8.76 155232
8.77 162876
8.78 176400
8.79 168168
8.8 144060
8.81 144648
8.82 154056
8.83 141708
8.84 145824
8.85 152292
8.86 148764
8.87 132888
8.88 169344
8.89 186396
8.9 168756
8.91 159936
8.92 168168
8.93 159936
8.94 170520
8.95 151704
8.96 150528
8.97 147000
8.98 166992
8.99 185220
9 175224
9.01 162288
9.02 144648
9.03 151116
9.04 163464
9.05 166404
9.06 156408
9.07 158760
9.08 183456
9.09 185808
9.1 181692
9.11 166992
9.12 155232
9.13 152880
9.14 171696
9.15 189336
9.16 184632
9.17 176400
9.18 195804
9.19 202272
9.2 188748
9.21 192276
9.22 178752
9.23 181104
9.24 187572
9.25 185220
9.26 174048
9.27 168756
9.28 162288
9.29 181692
9.3 192864
9.31 202272
9.32 174048
9.33 164052
9.34 138180
9.35 115836
9.36 115836
9.37 141708
9.38 172872
9.39 165228
9.4 162876
9.41 137004
9.42 112308
9.43 117600
9.44 106428
9.45 123480
9.46 127596
9.47 112896
9.48 116424
9.49 129948
9.5 148176
9.51 156996
9.52 142884
9.53 144060
9.54 140532
9.55 151116
9.56 156996
9.57 149352
9.58 161700
9.59 156996
9.6 165228
9.61 170520
9.62 173460
9.63 175224
9.64 164052
9.65 172284
9.66 167580
9.67 179340
9.68 186396
9.69 184044
9.7 200508
9.71 199920
9.72 196980
9.73 175224
9.74 165228
9.75 177576
9.76 171696
9.77 185220
9.78 202272
9.79 172872
9.8 163464
9.81 168168
9.82 189924
9.83 173460
9.84 187572
9.85 186984
9.86 164640
9.87 148176
9.88 148764
9.89 144060
9.9 149352
9.91 158172
9.92 163464
9.93 167580
9.94 166992
9.95 153468
9.96 152880
9.97 145236
9.98 142884
9.99 134652
10 144060
10.01 158172
10.02 150528
10.03 151116
10.04 166992
10.05 169344
10.06 164052
10.07 169344
10.08 156408
10.09 148764
10.1 144648
10.11 151116
10.12 160524
10.13 160524
10.14 174636
10.15 162288
10.16 172872
10.17 168168
10.18 148176
10.19 127596
10.2 148176
10.21 158760
10.22 159348
10.23 157584
10.24 154644
10.25 164640
10.26 161700
10.27 155820
10.28 177576
10.29 186396
10.3 154644
10.31 166404
10.32 162876
10.33 172284
10.34 166992
10.35 182868
10.36 189336
10.37 189336
10.38 179928
10.39 191688
10.4 198744
10.41 194628
10.42 181692
10.43 164052
10.44 160524
10.45 159348
10.46 181692
10.47 186396
10.48 194040
10.49 191100
10.5 163464
10.51 176400
10.52 182868
10.53 175224
10.54 172872
10.55 176988
10.56 174048
10.57 156408
10.58 158172
10.59 180516
10.6 172284
10.61 164640
10.62 154056
10.63 162876
10.64 155232
10.65 155820
10.66 159936
10.67 149940
10.68 144648
10.69 146412
10.7 143472
10.71 139944
10.72 149352
10.73 154644
10.74 149352
10.75 135828
10.76 138768
10.77 142296
10.78 156408
10.79 161700
10.8 165816
10.81 174636
10.82 162288
10.83 178164
10.84 166992
10.85 152880
10.86 155820
10.87 151116
10.88 167580
10.89 173460
10.9 201096
10.91 199920
10.92 179928
10.93 163464
10.94 159348
10.95 148764
10.96 168168
10.97 184632
10.98 180516
10.99 188160
11 199920
11.01 206976
11.02 194628
11.03 189924
11.04 174048
11.05 154056
11.06 165816
11.07 176400
11.08 199332
11.09 204624
11.1 186984
11.11 168756
11.12 147588
11.13 147588
11.14 144648
11.15 179928
11.16 200508
11.17 201684
11.18 181692
11.19 161112
11.2 137592
11.21 142296
11.22 138180
11.23 139944
11.24 135828
11.25 155820
11.26 182280
11.27 182868
11.28 174048
11.29 156408
11.3 159348
11.31 153468
11.32 155232
11.33 174636
11.34 166404
11.35 168168
11.36 151704
11.37 156996
11.38 164052
11.39 172284
11.4 183456
11.41 184632
11.42 166992
11.43 152880
11.44 145236
11.45 146412
11.46 159348
11.47 159348
11.48 178164
11.49 183456
11.5 176400
11.51 176400
11.52 167580
11.53 163464
11.54 172284
11.55 179340
11.56 181104
11.57 178164
11.58 167580
11.59 160524
11.6 166404
11.61 173460
11.62 176988
11.63 179928
11.64 178752
11.65 166992
11.66 147588
11.67 152292
11.68 175224
11.69 158760
11.7 148176
11.71 171696
11.72 168168
11.73 159348
11.74 164052
11.75 158760
11.76 141120
11.77 161112
11.78 151116
11.79 145236
11.8 158172
11.81 150528
11.82 165816
11.83 194628
11.84 162288
11.85 147588
11.86 145824
11.87 155820
11.88 165816
11.89 186396
11.9 206976
11.91 203448
11.92 195216
11.93 185808
11.94 171696
11.95 178164
11.96 185220
11.97 197568
11.98 211092
11.99 189336
12 205800
12.01 208740
12.02 208152
12.03 199920
12.04 189924
12.05 184632
12.06 179340
12.07 168756
12.08 171696
12.09 176400
12.1 191688
12.11 194040
12.12 175812
12.13 162876
12.14 164052
12.15 184044
12.16 192864
12.17 191100
12.18 178164
12.19 176988
12.2 159936
12.21 148764
12.22 177576
12.23 194040
12.24 206976
12.25 194628
12.26 188748
12.27 182868
12.28 172872
12.29 151116
12.3 154644
12.31 178752
12.32 182280
12.33 176988
12.34 182280
12.35 175224
12.36 174636
12.37 165816
12.38 199332
12.39 194040
12.4 182868
12.41 166992
12.42 154644
12.43 142296
12.44 140532
12.45 146412
12.46 157584
12.47 171108
12.48 181104
12.49 165816
12.5 162288
12.51 152292
12.52 125832
12.53 127596
12.54 129948
12.55 135240
12.56 152880
12.57 169344
12.58 174636
12.59 167580
12.6 164640
12.61 167580
12.62 164052
12.63 148176
12.64 142884
12.65 144648
12.66 147000
12.67 178164
12.68 179340
12.69 171108
12.7 170520
12.71 167580
12.72 184044
12.73 190512
12.74 172284
12.75 164640
12.76 176400
12.77 204624
12.78 207564
12.79 196392
12.8 182868
12.81 178752
12.82 178752
12.83 179340
12.84 185220
12.85 203448
12.86 194628
12.87 181692
12.88 161700
12.89 166404
12.9 170520
12.91 155232
12.92 163464
12.93 169344
12.94 178164
12.95 179340
12.96 169344
12.97 176400
12.98 169344
12.99 161700
13 172872
13.01 171696
13.02 172872
13.03 173460
13.04 191100
13.05 164640
13.06 162288
13.07 161700
13.08 174048
13.09 195216
13.1 179340
13.11 155820
13.12 142884
13.13 141708
13.14 159936
13.15 196392
13.16 188160
13.17 180516
13.18 172284
13.19 167580
13.2 185220
13.21 165816
13.22 154644
13.23 152880
13.24 151116
13.25 168168
13.26 172872
13.27 175224
13.28 164052
13.29 169344
13.3 164052
13.31 155820
13.32 165816
13.33 159348
13.34 162288
13.35 153468
13.36 173460
13.37 158760
13.38 159348
13.39 167580
13.4 168756
13.41 154056
13.42 166992
13.43 171108
13.44 181692
13.45 187572
13.46 171108
13.47 180516
13.48 185808
13.49 183456
13.5 181104
13.51 172872
13.52 161700
13.53 195216
13.54 195216
13.55 182868
13.56 175224
13.57 165816
13.58 166992
13.59 171696
13.6 162876
13.61 165816
13.62 176988
13.63 176400
13.64 161700
13.65 151116
13.66 164640
13.67 171108
13.68 176400
13.69 172872
13.7 154056
13.71 136416
13.72 118776
13.73 135828
13.74 148764
13.75 163464
13.76 172284
13.77 168756
13.78 147000
13.79 131124
13.8 129948
13.81 142884
13.82 151704
13.83 171696
13.84 159936
13.85 140532
13.86 138180
13.87 151116
13.88 143472
13.89 137004
13.9 185808
13.91 178164
13.92 164052
13.93 165228
13.94 180516
13.95 185808
13.96 184632
13.97 179928
13.98 167580
13.99 158760
14 161112
14.01 182280
14.02 180516
14.03 212856
14.04 196392
14.05 185808
14.06 164640
14.07 174048
14.08 184632
14.09 195216
14.1 195216
14.11 178752
14.12 171108
14.13 168756
14.14 165816
14.15 189336
14.16 195216
14.17 181692
14.18 157584
14.19 147000
14.2 142884
14.21 124656
14.22 146412
14.23 162288
14.24 161700
14.25 164052
14.26 158172
14.27 155820
14.28 138180
14.29 131712
14.3 119364
14.31 141708
14.32 136416
14.33 159936
14.34 163464
14.35 164052
14.36 168756
14.37 162876
14.38 165816
14.39 161112
14.4 169344
14.41 164640
14.42 164052
14.43 191688
14.44 199920
14.45 181692
14.46 172872
14.47 183456
14.48 177576
14.49 180516
14.5 184632
14.51 166404
14.52 163464
14.53 163464
14.54 169344
14.55 177576
14.56 168168
14.57 155820
14.58 168168
14.59 169344
14.6 165228
14.61 181104
14.62 156408
14.63 144060
14.64 129948
14.65 141708
14.66 165816
14.67 164640
14.68 152880
14.69 159348
14.7 163464
14.71 163464
14.72 155820
14.73 146412
14.74 158760
14.75 155232
14.76 171108
14.77 165228
14.78 170520
14.79 155232
14.8 171108
14.81 170520
14.82 170520
14.83 159936
14.84 163464
14.85 168168
14.86 166992
14.87 188160
14.88 187572
14.89 176400
14.9 171696
14.91 160524
14.92 162288
14.93 161112
14.94 162876
14.95 176988
14.96 197568
14.97 196392
14.98 194628
14.99 186396
15 176988
15.01 167580
15.02 176988
15.03 189924
15.04 166404
15.05 175812
15.06 185808
15.07 195804
15.08 182868
15.09 184632
15.1 190512
15.11 186396
15.12 169344
15.13 159348
15.14 181104
15.15 182280
15.16 178164
15.17 171108
15.18 166992
15.19 154056
15.2 150528
15.21 169344
15.22 170520
15.23 160524
15.24 145824
15.25 131124
15.26 147588
15.27 138180
15.28 136416
15.29 145824
15.3 159348
15.31 166404
15.32 162876
15.33 160524
15.34 161112
15.35 147588
15.36 143472
15.37 158760
15.38 161700
15.39 169344
15.4 182868
15.41 188748
15.42 190512
15.43 174048
15.44 172284
15.45 182868
15.46 189336
15.47 218148
15.48 189924
15.49 181692
15.5 189336
15.51 194040
15.52 188748
15.53 198744
15.54 197568
15.55 201096
15.56 188160
15.57 193452
15.58 194628
15.59 200508
15.6 193452
15.61 184044
15.62 178164
15.63 175812
15.64 170520
15.65 195804
15.66 206388
15.67 198744
15.68 208152
15.69 185808
15.7 181692
15.71 169344
15.72 160524
15.73 156408
15.74 167580
15.75 158760
15.76 155820
15.77 168756
15.78 185808
15.79 163464
15.8 165228
15.81 150528
15.82 121128
15.83 121128
15.84 141708
15.85 174636
15.86 172872
15.87 154644
15.88 141708
15.89 158172
15.9 154056
15.91 165228
15.92 170520
15.93 154644
15.94 152880
15.95 162288
15.96 164052
15.97 196392
15.98 193452
15.99 177576
16 162876
16.01 160524
16.02 184632
16.03 181104
16.04 198156
16.05 184632
16.06 182280
16.07 189336
16.08 191100
16.09 186396
16.1 164640
16.11 182868
16.12 198744
16.13 204036
16.14 199332
16.15 176400
16.16 169344
16.17 168756
16.18 163464
16.19 145236
16.2 141708
16.21 161112
16.22 158760
16.23 158760
16.24 157584
16.25 151704
16.26 151116
16.27 146412
16.28 132888
16.29 136416
16.3 142296
16.31 126420
16.32 165228
16.33 184044
16.34 164052
16.35 147000
16.36 141120
16.37 149352
16.38 167580
16.39 164052
16.4 180516
16.41 176988
16.42 185808
16.43 169932
16.44 175812
16.45 194040
16.46 193452
16.47 182868
16.48 176400
16.49 208740
16.5 204624
16.51 200508
16.52 184044
16.53 189336
16.54 213444
16.55 208152
16.56 218736
16.57 212268
16.58 198744
16.59 194628
16.6 214032
16.61 209916
16.62 194628
16.63 189924
16.64 181692
16.65 186396
16.66 182280
16.67 199332
16.68 201096
16.69 176988
16.7 158760
16.71 154644
16.72 155820
16.73 155232
16.74 171108
16.75 175812
16.76 184632
16.77 162876
16.78 138768
16.79 148176
16.8 165816
16.81 179340
16.82 159936
16.83 148176
16.84 144648
16.85 139356
16.86 154644
16.87 161700
16.88 163464
16.89 181104
16.9 183456
16.91 179340
16.92 169932
16.93 175812
16.94 166404
16.95 163464
16.96 182280
16.97 175224
16.98 176988
16.99 195804
17 201096
17.01 210504
17.02 190512
17.03 157584
17.04 162288
17.05 175812
17.06 181104
17.07 202860
17.08 185220
17.09 175812
17.1 162288
17.11 162876
17.12 164640
17.13 179340
17.14 165816
17.15 164052
17.16 149940
17.17 147588
17.18 156996
17.19 159348
17.2 178752
17.21 177576
17.22 158760
17.23 131712
17.24 119952
17.25 131712
17.26 132300
17.27 159936
17.28 156996
17.29 147000
17.3 137592
17.31 135828
17.32 147588
17.33 171696
17.34 169344
17.35 162288
17.36 169344
17.37 159348
17.38 156408
17.39 145236
17.4 172872
17.41 178752
17.42 196392
17.43 202272
17.44 183456
17.45 171108
17.46 168168
17.47 155820
17.48 169344
17.49 171108
17.5 168756
17.51 174048
17.52 178752
17.53 188748
17.54 172284
17.55 163464
17.56 174048
17.57 148176
17.58 135828
17.59 143472
17.6 147588
17.61 178164
17.62 175812
17.63 186984
17.64 191100
17.65 175812
17.66 148176
17.67 139356
17.68 122304
17.69 120540
17.7 139944
17.71 151704
17.72 172872
17.73 186396
17.74 168168
17.75 172284
17.76 150528
17.77 122304
17.78 97608
17.79 119952
17.8 129948
17.81 152880
17.82 163464
17.83 177576
17.84 165228
17.85 158760
17.86 163464
17.87 154644
17.88 129360
17.89 125832
17.9 158172
17.91 161700
17.92 181104
17.93 171696
17.94 185808
17.95 185808
17.96 173460
17.97 171108
17.98 164052
17.99 151704
18 151704
18.01 174048
18.02 192276
18.03 189924
18.04 189336
18.05 195804
18.06 175812
18.07 176988
18.08 172284
18.09 166992
18.1 140532
18.11 144648
18.12 152880
18.13 164052
18.14 142884
18.15 167580
18.16 161700
18.17 178752
18.18 185808
18.19 166992
18.2 130536
18.21 112896
18.22 111720
18.23 126420
18.24 145824
18.25 141120
18.26 142296
18.27 147000
18.28 153468
18.29 160524
18.3 145824
18.31 130536
18.32 108192
18.33 109368
18.34 103488
18.35 123480
18.36 125832
18.37 158760
18.38 156408
18.39 134064
18.4 135240
18.41 140532
18.42 132300
18.43 118188
18.44 125832
18.45 141120
18.46 151704
18.47 153468
18.48 151116
18.49 142884
18.5 140532
18.51 135828
18.52 141708
18.53 149940
18.54 165228
18.55 170520
18.56 172284
18.57 153468
18.58 164640
18.59 161700
18.6 147588
18.61 129948
18.62 152292
18.63 177576
18.64 184632
18.65 188160
18.66 196980
18.67 174636
18.68 158172
18.69 169344
18.7 182280
18.71 178164
18.72 173460
18.73 189336
18.74 178164
18.75 177576
18.76 191688
18.77 188160
18.78 176988
18.79 179928
18.8 171108
18.81 165228
18.82 165228
18.83 175224
18.84 171108
18.85 172284
18.86 176988
18.87 177576
18.88 178164
18.89 195216
18.9 179928
18.91 179340
18.92 168168
18.93 158172
18.94 163464
18.95 152292
18.96 165228
18.97 181104
18.98 173460
18.99 160524
19 163464
19.01 168756
19.02 156408
19.03 151116
19.04 161700
19.05 166992
19.06 164052
19.07 160524
19.08 158172
19.09 166404
19.1 162288
19.11 155820
19.12 149352
19.13 166404
19.14 155232
19.15 144648
19.16 131712
19.17 144648
19.18 155232
19.19 147000
19.2 159936
19.21 169344
19.22 156996
19.23 155820
19.24 153468
19.25 165816
19.26 156996
19.27 169932
19.28 172284
19.29 162876
19.3 179928
19.31 153468
19.32 152292
19.33 168168
19.34 176400
19.35 167580
19.36 185220
19.37 174636
19.38 181104
19.39 167580
19.4 148176
19.41 155232
19.42 153468
19.43 155820
19.44 172872
19.45 174048
19.46 162876
19.47 156996
19.48 145236
19.49 131124
19.5 159348
19.51 179928
19.52 173460
19.53 158172
19.54 158760
19.55 156996
19.56 173460
19.57 158172
19.58 149352
19.59 166992
19.6 156408
19.61 155820
19.62 181692
19.63 176988
19.64 181104
19.65 181104
19.66 151116
19.67 135240
19.68 148176
19.69 168756
19.7 183456
19.71 184632
19.72 185808
19.73 186984
19.74 185808
19.75 184044
19.76 172872
19.77 166992
19.78 161112
19.79 170520
19.8 175812
19.81 172284
19.82 177576
19.83 178164
19.84 192864
19.85 172872
19.86 174048
19.87 179340
19.88 161700
19.89 163464
19.9 169344
19.91 182868
19.92 185808
19.93 185808
19.94 185808
19.95 179340
19.96 165816
19.97 161700
19.98 160524
19.99 164052
20 170520
20.01 157584
20.02 131124
20.03 131124
20.04 125832
20.05 132300
20.06 138768
20.07 155232
20.08 153468
20.09 144648
20.1 139944
20.11 128772
20.12 136416
20.13 121716
20.14 127596
20.15 131712
20.16 134652
20.17 151704
20.18 168168
20.19 172284
20.2 164052
20.21 160524
20.22 150528
20.23 143472
20.24 133476
20.25 139944
20.26 175224
20.27 199920
20.28 183456
20.29 190512
20.3 172872
20.31 169932
20.32 179928
20.33 174636
20.34 171696
20.35 162288
20.36 176400
20.37 181104
20.38 184044
20.39 175812
20.4 178164
20.41 168168
20.42 155232
20.43 156408
20.44 161112
20.45 154644
20.46 155232
20.47 167580
20.48 169932
20.49 158760
20.5 148764
20.51 147000
20.52 151704
20.53 158760
20.54 152880
20.55 154644
20.56 175224
20.57 178164
20.58 173460
20.59 172284
20.6 159348
20.61 164640
20.62 169932
20.63 175224
20.64 191100
20.65 189924
20.66 186984
20.67 177576
20.68 189924
20.69 184632
20.7 203448
20.71 217560
20.72 205212
20.73 189336
20.74 196392
20.75 184632
20.76 185220
20.77 188160
20.78 194628
20.79 187572
20.8 206388
20.81 198744
20.82 191100
20.83 169344
20.84 183456
20.85 185220
20.86 171108
20.87 159936
20.88 202272
20.89 201096
20.9 198744
20.91 202860
20.92 192864
20.93 168168
20.94 151704
20.95 168168
20.96 186984
20.97 199332
20.98 192276
20.99 192864
21 203448
21.01 190512
21.02 189336
21.03 191100
21.04 187572
21.05 183456
21.06 182280
21.07 182868
21.08 194040
21.09 189336
21.1 187572
21.11 188748
21.12 188748
21.13 202860
21.14 181692
21.15 158760
21.16 141708
21.17 141708
21.18 155232
21.19 160524
21.2 168756
21.21 175812
21.22 149940
21.23 141120
21.24 142884
21.25 141708
21.26 128772
21.27 134652
21.28 139944
21.29 145236
21.3 145824
21.31 165816
21.32 165816
21.33 148764
21.34 135240
21.35 155820
21.36 145824
21.37 164052
21.38 181692
21.39 178752
21.4 180516
21.41 171696
21.42 159936
21.43 162876
21.44 165816
21.45 178752
21.46 182868
21.47 171108
21.48 186984
21.49 188160
21.5 182868
21.51 165816
21.52 167580
21.53 149352
21.54 155820
21.55 184632
21.56 179928
21.57 174636
21.58 158172
21.59 158172
21.6 156996
21.61 159348
21.62 152880
21.63 172872
21.64 167580
21.65 154056
21.66 123480
21.67 134064
21.68 142296
21.69 160524
21.7 165228
21.71 167580
21.72 141120
21.73 124068
21.74 135240
21.75 159348
21.76 169344
21.77 162876
21.78 148176
21.79 141120
21.8 148176
21.81 147000
21.82 173460
21.83 170520
21.84 168756
21.85 178752
21.86 169932
21.87 168756
21.88 165228
21.89 176400
21.9 179928
21.91 172872
21.92 175224
21.93 187572
21.94 177576
21.95 189924
21.96 176988
21.97 179340
21.98 176400
21.99 162288
22 155232
22.01 146412
22.02 142884
22.03 149352
22.04 161700
22.05 174636
22.06 161700
22.07 152292
22.08 144060
22.09 129948
22.1 139944
22.11 135240
22.12 138180
22.13 134064
22.14 139944
22.15 129360
22.16 144060
22.17 172872
22.18 176988
22.19 184044
22.2 165228
22.21 163464
22.22 175812
22.23 185808
22.24 188748
22.25 172284
22.26 180516
22.27 177576
22.28 199332
22.29 205800
22.3 220500
22.31 216972
22.32 221676
22.33 224028
22.34 192276
22.35 170520
22.36 164052
22.37 186396
22.38 196392
22.39 209328
22.4 214032
22.41 199920
22.42 208152
22.43 186396
22.44 176400
22.45 166992
22.46 162876
22.47 176400
22.48 175224
22.49 168756
22.5 161112
22.51 159936
22.52 148176
22.53 149940
22.54 152292
22.55 151116
22.56 158172
22.57 169344
22.58 162288
22.59 139944
22.6 125244
22.61 141708
22.62 143472
22.63 162288
22.64 155232
22.65 156996
22.66 193452
22.67 198744
22.68 197568
22.69 194628
22.7 165228
22.71 173460
22.72 175812
22.73 214620
22.74 192276
22.75 201684
22.76 204036
22.77 201096
22.78 209916
22.79 219324
22.8 205800
22.81 191688
22.82 198156
22.83 217560
22.84 223440
22.85 211092
22.86 195804
22.87 179928
22.88 200508
22.89 223440
22.9 211092
22.91 201684
22.92 191688
22.93 190512
22.94 204036
22.95 204624
22.96 181692
22.97 183456
22.98 179340
22.99 173460
23 188748
23.01 188160
23.02 184044
23.03 183456
23.04 196392
23.05 192276
23.06 184632
23.07 179928
23.08 166992
23.09 166404
23.1 158172
23.11 179340
23.12 199920
23.13 200508
23.14 181104
23.15 181104
23.16 187572
23.17 201096
23.18 202272
23.19 199332
23.2 191100
23.21 185808
23.22 191688
23.23 192864
23.24 193452
23.25 194040
23.26 181692
23.27 189336
23.28 201096
23.29 203448
23.3 188748
23.31 172872
23.32 149352
23.33 155820
23.34 158172
23.35 178752
23.36 171696
23.37 176988
23.38 158172
23.39 158760
23.4 165228
23.41 158760
23.42 146412
23.43 149352
23.44 131712
23.45 125244
23.46 132300
23.47 159348
23.48 159936
23.49 155232
23.5 168756
23.51 169344
23.52 149940
23.53 147588
23.54 147000
23.55 143472
23.56 148764
23.57 165228
23.58 171696
23.59 186984
23.6 195216
23.61 198744
23.62 171108
23.63 152292
23.64 142296
23.65 150528
23.66 191688
23.67 233436
23.68 219912
23.69 207564
23.7 196392
23.71 182280
23.72 156996
23.73 175224
23.74 192276
23.75 203448
23.76 210504
23.77 212268
23.78 201684
23.79 188748
23.8 178164
23.81 164052
23.82 172284
23.83 174048
23.84 182868
23.85 187572
23.86 174636
23.87 150528
23.88 154644
23.89 145236
23.9 152292
23.91 155820
23.92 133476
23.93 132888
23.94 145824
23.95 149940
23.96 135828
23.97 125244
23.98 112896
23.99 137592
24 144648
24.01 134064
24.02 144648
24.03 156408
24.04 154056
24.05 139356
24.06 138180
24.07 152880
24.08 161112
24.09 157584
24.1 171108
24.11 168756
24.12 158172
24.13 155820
24.14 147588
24.15 147588
24.16 149940
24.17 167580
24.18 188160
24.19 183456
24.2 178752
24.21 173460
24.22 166992
24.23 158760
24.24 151116
24.25 162288
24.26 163464
24.27 158172
24.28 152292
24.29 169344
24.3 166404
24.31 176988
24.32 165228
24.33 155232
24.34 165816
24.35 147588
24.36 138180
24.37 172284
24.38 162876
24.39 166404
24.4 147000
24.41 145824
24.42 135240
24.43 157584
24.44 169932
24.45 188160
24.46 185808
24.47 162876
24.48 154056
24.49 165816
24.5 154644
24.51 165816
24.52 152292
24.53 191688
24.54 210504
24.55 201096
24.56 192864
24.57 183456
24.58 199920
24.59 186396
24.6 175812
24.61 166404
24.62 169932
24.63 154056
24.64 164052
24.65 200508
24.66 227556
24.67 204036
24.68 186396
24.69 182280
24.7 166992
24.71 161112
24.72 149352
24.73 144648
24.74 171108
24.75 176988
24.76 163464
24.77 173460
24.78 167580
24.79 174636
24.8 161112
24.81 155820
24.82 152880
24.83 143472
24.84 149352
24.85 157584
24.86 163464
24.87 144060
24.88 144060
24.89 145236
24.9 142884
24.91 142884
24.92 139356
24.93 161112
24.94 157584
24.95 155232
24.96 148176
24.97 151116
24.98 162876
24.99 167580
25 174636
25.01 176988
25.02 161700
25.03 157584
25.04 169932
25.05 181692
25.06 191688
25.07 196980
25.08 167580
25.09 151116
25.1 166404
25.11 174636
25.12 164640
25.13 177576
25.14 175224
25.15 165228
25.16 168756
25.17 180516
25.18 179340
25.19 172872
25.2 162876
25.21 162288
25.22 142296
25.23 135240
25.24 124656
25.25 127596
25.26 152880
25.27 163464
25.28 156408
25.29 149940
25.3 128184
25.31 124656
25.32 112896
25.33 111720
25.34 146412
25.35 135240
25.36 148764
25.37 135240
25.38 142884
25.39 145236
25.4 149352
25.41 151116
25.42 154644
25.43 160524
25.44 162876
25.45 155820
25.46 176400
25.47 171108
25.48 185220
25.49 193452
25.5 213444
25.51 198156
25.52 181104
25.53 164052
25.54 164640
25.55 170520
25.56 201684
25.57 205212
25.58 182280
25.59 179340
25.6 182280
25.61 176400
25.62 188748
25.63 188160
25.64 169344
25.65 174636
25.66 178164
25.67 159348
25.68 145236
25.69 164052
25.7 164640
25.71 171108
25.72 154644
25.73 152292
25.74 155232
25.75 139944
25.76 134652
25.77 143472
25.78 150528
25.79 148764
25.8 152880
25.81 159936
25.82 149940
25.83 151116
25.84 149352
25.85 158172
25.86 162876
25.87 163464
25.88 172872
25.89 187572
25.9 159936
25.91 160524
25.92 153468
25.93 186984
25.94 196980
25.95 174048
25.96 177576
25.97 192276
25.98 194040
25.99 181692
26 190512
26.01 199332
26.02 196392
26.03 181104
26.04 189924
26.05 196392
26.06 200508
26.07 212856
26.08 208152
26.09 212856
26.1 232260
26.11 212856
26.12 191100
26.13 179928
26.14 182868
26.15 180516
26.16 187572
26.17 184044
26.18 194628
26.19 201096
26.2 211680
26.21 194628
26.22 176988
26.23 175224
26.24 169344
26.25 161112
26.26 142296
26.27 146412
26.28 171696
26.29 189924
26.3 171696
26.31 161112
26.32 159348
26.33 157584
26.34 135240
26.35 137592
26.36 119952
26.37 137004
26.38 148176
26.39 162876
26.4 144060
26.41 127596
26.42 130536
26.43 139944
26.44 147588
26.45 159936
26.46 159936
26.47 153468
26.48 152880
26.49 139944
26.5 144060
26.51 175812
26.52 181104
26.53 198156
26.54 214032
26.55 205800
26.56 193452
26.57 199920
26.58 188748
26.59 176400
26.6 180516
26.61 171696
26.62 189924
26.63 194040
26.64 194628
26.65 195216
26.66 199920
26.67 182868
26.68 195804
26.69 176988
26.7 141708
26.71 132888
26.72 145236
26.73 161700
26.74 157584
26.75 141708
26.76 147588
26.77 127008
26.78 125832
26.79 135240
26.8 148176
26.81 144648
26.82 132300
26.83 128184
26.84 117600
26.85 129948
26.86 128184
26.87 128184
26.88 141708
26.89 139356
26.9 153468
26.91 151704
26.92 164640
26.93 163464
26.94 154056
26.95 168756
26.96 154644
26.97 152880
26.98 161112
26.99 186396
27 192276
27.01 209328
27.02 209328
27.03 190512
27.04 180516
27.05 172284
27.06 181104
27.07 175812
27.08 181692
27.09 199332
27.1 201096
27.11 225792
27.12 222852
27.13 218736
27.14 202272
27.15 177576
27.16 158760
27.17 171108
27.18 199920
27.19 212268
27.2 195804
27.21 191100
27.22 177576
27.23 198156
27.24 188160
27.25 192864
27.26 189336
27.27 171108
27.28 174048
27.29 156996
27.3 194628
27.31 181692
27.32 159936
27.33 180516
27.34 167580
27.35 152292
27.36 154644
27.37 154644
27.38 161700
27.39 181692
27.4 192276
27.41 187572
27.42 179340
27.43 166404
27.44 154056
27.45 158172
27.46 164052
27.47 166404
27.48 182280
27.49 179928
27.5 199920
27.51 194040
27.52 186984
27.53 188160
27.54 186396
27.55 172284
27.56 182280
27.57 166992
27.58 166992
27.59 206388
27.6 205800
27.61 195804
27.62 201684
27.63 184632
27.64 186396
27.65 196980
27.66 192276
27.67 195216
27.68 194040
27.69 182868
27.7 181104
27.71 189336
27.72 178752
27.73 190512
27.74 191100
27.75 189924
27.76 199920
27.77 206976
27.78 187572
27.79 182868
27.8 168756
27.81 164052
27.82 172872
27.83 188748
27.84 189336
27.85 182868
27.86 174048
27.87 156408
27.88 171108
27.89 152292
27.9 182280
27.91 178164
27.92 160524
27.93 162288
27.94 165816
27.95 179928
27.96 168756
27.97 157584
27.98 147000
27.99 155820
28 149940
28.01 151116
28.02 149352
28.03 149940
28.04 156408
28.05 159348
28.06 155232
28.07 159348
28.08 150528
28.09 141120
28.1 131712
28.11 157584
28.12 180516
28.13 181104
28.14 169932
28.15 169932
28.16 161700
28.17 160524
28.18 169344
28.19 179928
28.2 193452
28.21 202272
28.22 199920
28.23 186396
28.24 172284
28.25 168168
28.26 181104
28.27 194040
28.28 201096
28.29 206976
28.3 192276
28.31 193452
28.32 185808
28.33 168168
28.34 147000
28.35 133476
28.36 144648
28.37 138180
28.38 166404
28.39 183456
28.4 178752
28.41 165228
28.42 142884
28.43 133476
28.44 138768
28.45 138768
28.46 147588
28.47 150528
28.48 156996
28.49 165816
28.5 176988
28.51 168168
28.52 156408
28.53 151116
28.54 151704
28.55 155232
28.56 155820
28.57 152292
28.58 166404
28.59 182868
28.6 200508
28.61 193452
28.62 179340
28.63 166992
28.64 162876
28.65 160524
28.66 137004
28.67 156408
28.68 177576
28.69 179928
28.7 198744
28.71 211680
28.72 214620
28.73 197568
28.74 184632
28.75 161112
28.76 156996
28.77 162288
28.78 198744
28.79 192864
28.8 184044
28.81 159936
28.82 162876
28.83 174636
28.84 183456
28.85 164640
28.86 158760
28.87 159348
28.88 159348
28.89 153468
28.9 144648
28.91 158172
28.92 153468
28.93 162876
28.94 172284
28.95 189924
28.96 169344
28.97 158172
28.98 153468
28.99 156996
29 159936
29.01 185220
29.02 194040
29.03 179340
29.04 194628
29.05 186984
29.06 186396
29.07 172872
29.08 182868
29.09 191100
29.1 182280
29.11 212856
29.12 206388
29.13 185808
29.14 181104
29.15 165816
29.16 171696
29.17 179928
29.18 196980
29.19 183456
29.2 173460
29.21 167580
29.22 176988
29.23 166404
29.24 176400
29.25 168168
29.26 174636
29.27 170520
29.28 163464
29.29 155820
29.3 148764
29.31 158172
29.32 174636
29.33 185808
29.34 164052
29.35 168756
29.36 176988
29.37 173460
29.38 151116
29.39 124656
29.4 132888
29.41 165816
29.42 171696
29.43 186396
29.44 179928
29.45 171696
29.46 161112
29.47 144060
29.48 166992
29.49 162288
29.5 184632
29.51 165816
29.52 169932
29.53 180516
29.54 169932
29.55 155232
29.56 153468
29.57 154056
29.58 166992
29.59 186984
29.6 187572
29.61 182868
29.62 150528
29.63 143472
29.64 141120
29.65 142296
29.66 166404
29.67 184632
29.68 175812
29.69 192864
29.7 181692
29.71 178164
29.72 153468
29.73 148764
29.74 149940
29.75 154056
29.76 158172
29.77 164052
29.78 141120
29.79 139944
29.8 151704
29.81 162876
29.82 168756
29.83 162288
29.84 154056
29.85 148764
29.86 134652
29.87 145236
29.88 156996
29.89 173460
29.9 186396
29.91 184044
29.92 170520
29.93 156408
29.94 176988
29.95 183456
29.96 184044
29.97 182868
29.98 168168
29.99 163464
30 182868
30.01 196392
30.02 198744
30.03 196980
30.04 196980
30.05 191688
30.06 181104
30.07 167580
30.08 183456
30.09 169344
30.1 174048
30.11 166404
30.12 170520
30.13 194628
30.14 182868
30.15 163464
30.16 152292
30.17 148764
30.18 161700
30.19 159348
30.2 156408
30.21 154644
30.22 139944
30.23 130536
30.24 141708
30.25 134064
30.26 137004
30.27 158760
30.28 149352
30.29 148176
30.3 163464
30.31 164052
30.32 174048
30.33 170520
30.34 161700
30.35 166404
30.36 155820
30.37 158172
30.38 168168
30.39 186984
30.4 179340
30.41 187572
30.42 210504
30.43 208740
30.44 185808
30.45 171696
30.46 189336
30.47 192864
30.48 208152
30.49 205212
30.5 204036
30.51 206388
30.52 199920
30.53 201096
30.54 193452
30.55 192864
30.56 194628
30.57 193452
30.58 201684
30.59 221088
30.6 179340
30.61 176400
30.62 165228
30.63 180516
30.64 179928
30.65 184632
30.66 181104
30.67 183456
30.68 172872
30.69 151704
30.7 149940
30.71 129948
30.72 146412
30.73 156408
30.74 169344
30.75 144060
30.76 144648
30.77 148764
30.78 165228
30.79 154056
30.8 140532
30.81 145824
30.82 129360
30.83 134064
30.84 166404
30.85 161700
30.86 165816
30.87 170520
30.88 168168
30.89 167580
30.9 163464
30.91 166404
30.92 175224
30.93 175224
30.94 197568
30.95 199332
30.96 175812
30.97 164640
30.98 171696
30.99 159348
31 183456
31.01 179928
31.02 182868
31.03 166992
31.04 162288
31.05 171108
31.06 161700
31.07 172284
31.08 175812
31.09 158760
31.1 156408
31.11 168168
31.12 159348
31.13 158172
31.14 144060
31.15 139356
31.16 152292
31.17 162288
31.18 158172
31.19 132300
31.2 128184
31.21 138180
31.22 136416
31.23 148764
31.24 149940
31.25 152880
31.26 147588
31.27 165816
31.28 169344
31.29 158760
31.3 152292
31.31 139944
31.32 163464
31.33 180516
31.34 176400
31.35 179928
31.36 170520
31.37 168168
31.38 182868
31.39 205800
31.4 194628
31.41 196392
31.42 180516
31.43 156408
31.44 158172
31.45 162288
31.46 185220
31.47 222852
31.48 239316
31.49 223440
31.5 192864
31.51 185220
31.52 170520
31.53 176988
31.54 170520
31.55 181104
31.56 184044
31.57 195804
31.58 196392
31.59 175812
31.6 168756
31.61 166992
31.62 157584
31.63 162288
31.64 155232
31.65 149940
31.66 146412
31.67 144060
31.68 164052
31.69 172872
31.7 162288
31.71 153468
31.72 155820
31.73 161700
31.74 150528
31.75 129948
31.76 124068
31.77 129360
31.78 131712
31.79 154644
31.8 140532
31.81 131124
31.82 134064
31.83 159348
31.84 176988
31.85 153468
31.86 129360
31.87 115248
31.88 122304
31.89 142296
31.9 166404
31.91 174636
31.92 158172
31.93 165228
31.94 164640
31.95 161112
31.96 158760
31.97 144060
31.98 149940
31.99 148764
32 152880
32.01 155232
32.02 157584
32.03 180516
32.04 178164
32.05 180516
32.06 179928
32.07 159936
32.08 170520
32.09 174048
32.1 168756
32.11 167580
32.12 182280
32.13 177576
32.14 169932
32.15 174048
32.16 201684
32.17 207564
32.18 188160
32.19 183456
32.2 185220
32.21 171108
32.22 170520
32.23 177576
32.24 179340
32.25 183456
32.26 195804
32.27 192864
32.28 205800
32.29 184044
32.3 184044
32.31 172872
32.32 163464
32.33 166404
32.34 165816
32.35 180516
32.36 161112
32.37 148176
32.38 162288
32.39 168168
32.4 144648
32.41 144648
32.42 139356
32.43 144648
32.44 114660
32.45 118776
32.46 125832
32.47 156408
32.48 155232
32.49 156408
32.5 154056
32.51 137592
32.52 141708
32.53 118776
32.54 115836
32.55 127596
32.56 155820
32.57 171696
32.58 164052
32.59 174636
32.6 168168
32.61 162876
32.62 155820
32.63 143472
32.64 138768
32.65 162876
32.66 179928
32.67 163464
32.68 154056
32.69 173460
32.7 173460
32.71 159936
32.72 152880
32.73 151116
32.74 159348
32.75 154644
32.76 151116
32.77 145824
32.78 148764
32.79 147588
32.8 176988
32.81 179928
32.82 174048
32.83 164640
32.84 142296
32.85 146412
32.86 148176
32.87 154056
32.88 152292
32.89 181104
32.9 188748
32.91 178752
32.92 184044
32.93 171108
32.94 148176
32.95 134064
32.96 154056
32.97 163464
32.98 173460
32.99 175812
33 175224
33.01 194628
33.02 180516
33.03 160524
33.04 137592
33.05 151116
33.06 161112
33.07 168168
33.08 176988
33.09 191100
33.1 188160
33.11 194040
33.12 193452
33.13 171108
33.14 146412
33.15 134064
33.16 132300
33.17 161112
33.18 186396
33.19 191688
33.2 181692
33.21 166404
33.22 158760
33.23 166992
33.24 146412
33.25 154056
33.26 174048
33.27 185220
33.28 179928
33.29 181104
33.3 181104
33.31 161112
33.32 173460
33.33 204036
33.34 190512
33.35 185808
33.36 198744
33.37 191100
33.38 181104
33.39 176988
33.4 187572
33.41 174048
33.42 188160
33.43 188160
33.44 191100
33.45 188748
33.46 187572
33.47 191688
33.48 166404
33.49 141120
33.5 156996
33.51 163464
33.52 182868
33.53 183456
33.54 190512
33.55 168168
33.56 141120
33.57 129948
33.58 122304
33.59 133476
33.6 134064
33.61 127596
33.62 133476
33.63 144648
33.64 117600
33.65 103488
33.66 102312
33.67 107604
33.68 114660
33.69 109368
33.7 118188
33.71 115836
33.72 112308
33.73 105840
33.74 105252
33.75 121128
33.76 125832
33.77 137004
33.78 143472
33.79 126420
33.8 133476
33.81 129360
33.82 116424
33.83 128772
33.84 168756
33.85 172284
33.86 175224
33.87 161700
33.88 159348
33.89 155232
33.9 144648
33.91 155820
33.92 171696
33.93 172284
33.94 182868
33.95 175812
33.96 164640
33.97 171696
33.98 170520
33.99 180516
34 168756
34.01 169344
34.02 160524
34.03 161700
34.04 157584
34.05 150528
34.06 164052
34.07 162876
34.08 163464
34.09 171696
34.1 175812
34.11 163464
34.12 155232
34.13 167580
34.14 148176
34.15 158760
34.16 161700
34.17 156996
34.18 146412
34.19 157584
34.2 156996
34.21 190512
34.22 189336
34.23 184044
34.24 177576
34.25 164052
34.26 158760
34.27 176988
34.28 194040
34.29 179340
34.3 181692
34.31 189924
34.32 194040
34.33 209916
34.34 212856
34.35 188748
34.36 174636
34.37 158172
34.38 148176
34.39 147588
34.4 161112
34.41 198156
34.42 205212
34.43 179928
34.44 172872
34.45 177576
34.46 171108
34.47 177576
34.48 151704
34.49 134652
34.5 115248
34.51 134652
34.52 169344
34.53 189336
34.54 166404
34.55 159936
34.56 149940
34.57 147000
34.58 142296
34.59 146412
34.6 156996
34.61 154056
34.62 155820
34.63 155232
34.64 148176
34.65 140532
34.66 145236
34.67 132888
34.68 149352
34.69 167580
34.7 152292
34.71 155232
34.72 137592
34.73 147000
34.74 137004
34.75 147000
34.76 162288
34.77 164052
34.78 188160
34.79 185808
34.8 165228
34.81 169344
34.82 161700
34.83 162288
34.84 171696
34.85 175224
34.86 175224
34.87 182868
34.88 177576
34.89 192276
34.9 198156
34.91 200508
34.92 198744
34.93 185808
34.94 196392
34.95 192864
34.96 184044
34.97 181104
34.98 174048
34.99 166404
35 206388
35.01 215208
35.02 219324
35.03 195804
35.04 182280
35.05 175224
35.06 155820
35.07 165816
35.08 169932
35.09 160524
35.1 168168
35.11 171108
35.12 170520
35.13 169932
35.14 170520
35.15 155820
35.16 147000
35.17 138180
35.18 147000
35.19 149352
35.2 163464
35.21 159348
35.22 159348
35.23 164640
35.24 159936
35.25 152880
35.26 153468
35.27 153468
35.28 152880
35.29 157584
35.3 146412
35.31 156408
35.32 175224
35.33 187572
35.34 183456
35.35 183456
35.36 185220
35.37 167580
35.38 169344
35.39 181104
35.4 191100
35.41 193452
35.42 199920
35.43 191100
35.44 185808
35.45 183456
35.46 191688
35.47 199920
35.48 196980
35.49 199920
35.5 182868
35.51 187572
35.52 198156
35.53 197568
35.54 190512
35.55 169932
35.56 199920
35.57 194040
35.58 189336
35.59 192276
35.6 166404
35.61 158760
35.62 176988
35.63 164640
35.64 154056
35.65 161112
35.66 170520
35.67 165816
35.68 158760
35.69 153468
35.7 155820
35.71 144648
35.72 146412
35.73 146412
35.74 145236
35.75 154056
35.76 164052
35.77 167580
35.78 165816
35.79 148764
35.8 146412
35.81 155232
35.82 176988
35.83 177576
35.84 165228
35.85 170520
35.86 191688
35.87 196392
35.88 192276
35.89 198744
35.9 208152
35.91 194040
35.92 185808
35.93 178752
35.94 176988
35.95 172872
35.96 188160
35.97 187572
35.98 194040
35.99 189924
36 182868
36.01 172284
36.02 166404
36.03 168168
36.04 163464
36.05 160524
36.06 162288
36.07 156408
36.08 139944
36.09 135828
36.1 152292
36.11 161112
36.12 182868
36.13 160524
36.14 142884
36.15 137004
36.16 129360
36.17 149352
36.18 155232
36.19 182280
36.2 176400
36.21 191100
36.22 187572
36.23 175224
36.24 176988
36.25 181692
36.26 177576
36.27 193452
36.28 195804
36.29 179928
36.3 172872
36.31 185220
36.32 196980
36.33 202860
36.34 221088
36.35 203448
36.36 198744
36.37 189336
36.38 177576
36.39 178164
36.4 168756
36.41 170520
36.42 164052
36.43 155232
36.44 176400
36.45 185808
36.46 200508
36.47 190512
36.48 181692
36.49 165228
36.5 153468
36.51 149940
36.52 168168
36.53 166404
36.54 176988
36.55 159936
36.56 164640
36.57 172872
36.58 156996
36.59 169344
36.6 167580
36.61 153468
36.62 155820
36.63 144060
36.64 153468
36.65 175224
36.66 176988
36.67 171108
36.68 165816
36.69 155820
36.7 156408
36.71 176988
36.72 178164
36.73 192864
36.74 201684
36.75 188748
36.76 173460
36.77 165228
36.78 155232
36.79 165228
36.8 186396
36.81 175812
36.82 171108
36.83 174636
36.84 175812
36.85 168756
36.86 167580
36.87 169932
36.88 161700
36.89 139356
36.9 154056
36.91 154644
36.92 146412
36.93 142296
36.94 131124
36.95 137592
36.96 145236
36.97 152292
36.98 143472
36.99 148176
37 131712
37.01 147588
37.02 148764
37.03 169932
37.04 178164
37.05 168756
37.06 168756
37.07 175224
37.08 168168
37.09 154644
37.1 180516
37.11 196392
37.12 204036
37.13 193452
37.14 174048
37.15 161700
37.16 192864
37.17 196980
37.18 191688
37.19 196392
37.2 205212
37.21 218148
37.22 208152
37.23 204624
37.24 185808
37.25 188748
37.26 172284
37.27 177576
37.28 192276
37.29 184632
37.3 188160
37.31 193452
37.32 214032
37.33 200508
37.34 183456
37.35 168756
37.36 152292
37.37 145824
37.38 165228
37.39 175812
37.4 171696
37.41 178752
37.42 194040
37.43 177576
37.44 155820
37.45 140532
37.46 145236
37.47 156996
37.48 162876
37.49 155232
37.5 155820
37.51 149940
37.52 158760
37.53 149352
37.54 145236
37.55 140532
37.56 168756
37.57 171696
37.58 166404
37.59 166404
37.6 160524
37.61 149940
37.62 139356
37.63 154644
37.64 176400
37.65 182280
37.66 197568
37.67 211092
37.68 193452
37.69 185220
37.7 174636
37.71 179340
37.72 169344
37.73 179340
37.74 180516
37.75 172872
37.76 170520
37.77 183456
37.78 193452
37.79 173460
37.8 160524
37.81 148764
37.82 138768
37.83 134652
37.84 159348
37.85 161700
37.86 166992
37.87 152880
37.88 147588
37.89 148176
37.9 149940
37.91 154644
37.92 154056
37.93 148176
37.94 151704
37.95 145236
37.96 178164
37.97 176400
37.98 180516
37.99 160524
38 153468
38.01 148764
38.02 156408
38.03 189924
38.04 209916
38.05 202272
38.06 174636
38.07 171108
38.08 165816
38.09 160524
38.1 188748
38.11 204036
38.12 205800
38.13 199332
38.14 185808
38.15 177576
38.16 164052
38.17 156996
38.18 157584
38.19 175812
38.2 207564
38.21 202272
38.22 186396
38.23 157584
38.24 151116
38.25 142884
38.26 152292
38.27 156996
38.28 176988
38.29 187572
38.3 172284
38.31 159936
38.32 166992
38.33 158760
38.34 170520
38.35 175224
38.36 166404
38.37 161112
38.38 161700
38.39 178752
38.4 178752
38.41 170520
38.42 179928
38.43 179928
38.44 175812
38.45 158172
38.46 161112
38.47 151116
38.48 169344
38.49 175812
38.5 186984
38.51 172284
38.52 175224
38.53 175812
38.54 162876
38.55 164640
38.56 179928
38.57 168168
38.58 195216
38.59 179928
38.6 172284
38.61 157584
38.62 161700
38.63 176400
38.64 192864
38.65 195804
38.66 194040
38.67 181104
38.68 171108
38.69 169932
38.7 176988
38.71 182868
38.72 188160
38.73 189924
38.74 191100
38.75 191100
38.76 193452
38.77 192276
38.78 184632
38.79 200508
38.8 190512
38.81 166404
38.82 182280
38.83 171696
38.84 174636
38.85 177576
38.86 175812
38.87 177576
38.88 178752
38.89 175812
38.9 168168
38.91 176400
38.92 162876
38.93 167580
38.94 175224
38.95 158760
38.96 171696
38.97 166992
38.98 162288
38.99 176988
39 157584
39.01 162288
39.02 178164
39.03 174048
39.04 161700
39.05 155820
39.06 161112
39.07 156996
39.08 156408
39.09 152292
39.1 156408
39.11 148176
39.12 181104
39.13 173460
39.14 182868
39.15 151116
39.16 140532
39.17 155820
39.18 164052
39.19 177576
39.2 168756
39.21 168756
39.22 170520
39.23 163464
39.24 173460
39.25 162288
39.26 172284
39.27 193452
39.28 190512
39.29 169932
39.3 158760
39.31 153468
39.32 159348
39.33 154056
39.34 162876
39.35 167580
39.36 184632
39.37 180516
39.38 169344
39.39 171696
39.4 162876
39.41 165228
39.42 154056
39.43 141120
39.44 147588
39.45 156996
39.46 175812
39.47 172872
39.48 172284
39.49 164640
39.5 174048
39.51 172284
39.52 186396
39.53 192276
39.54 169344
39.55 157584
39.56 163464
39.57 184044
39.58 194040
39.59 189924
39.6 197568
39.61 186984
39.62 189336
39.63 179928
39.64 166992
39.65 147588
39.66 168756
39.67 165816
39.68 172872
39.69 179928
39.7 175812
39.71 178164
39.72 182868
39.73 168756
39.74 156408
39.75 152292
39.76 142296
39.77 159348
39.78 148176
39.79 141120
39.8 161700
39.81 162288
39.82 189924
39.83 184044
39.84 165228
39.85 154056
39.86 151116
39.87 142296
39.88 135240
39.89 147588
39.9 147588
39.91 180516
39.92 191100
39.93 172872
39.94 162876
39.95 155232
39.96 141708
39.97 165228
39.98 177576
39.99 178752
40 169344
40.01 157584
40.02 182280
40.03 175812
40.04 178752
40.05 185220
40.06 189336
40.07 187572
40.08 186984
40.09 165816
40.1 151704
40.11 166404
40.12 178164
40.13 189924
40.14 198744
40.15 188748
40.16 167580
40.17 151704
40.18 147000
40.19 158760
40.2 175224
40.21 176988
40.22 170520
40.23 150528
40.24 145236
40.25 145236
40.26 151116
40.27 164052
40.28 151116
40.29 144648
40.3 147588
40.31 152292
40.32 149940
40.33 129360
40.34 138180
40.35 158172
40.36 161700
40.37 153468
40.38 169932
40.39 186984
40.4 182868
40.41 164640
40.42 141120
40.43 126420
40.44 154644
40.45 178164
40.46 188160
40.47 185220
40.48 194040
40.49 184632
40.5 171108
40.51 159348
40.52 151116
40.53 145236
40.54 149940
40.55 158760
40.56 175812
40.57 166404
40.58 165816
40.59 162288
40.6 149352
40.61 148764
40.62 151704
40.63 148764
40.64 144060
40.65 156996
40.66 143472
40.67 135240
40.68 159348
40.69 166404
40.7 166404
40.71 154056
40.72 146412
40.73 155820
40.74 176400
40.75 147588
40.76 141120
40.77 155232
40.78 162876
40.79 189924
40.8 201684
40.81 192864
40.82 175224
40.83 158760
40.84 167580
40.85 163464
40.86 178164
40.87 186984
40.88 208152
40.89 209328
40.9 194040
40.91 184632
40.92 177576
40.93 184044
40.94 179340
40.95 196980
40.96 205212
40.97 198744
40.98 211092
40.99 208740
41 189924
41.01 175224
41.02 159348
41.03 174636
41.04 182868
41.05 191688
41.06 194040
41.07 186984
41.08 184044
41.09 177576
41.1 161112
41.11 145824
41.12 143472
41.13 147588
41.14 156408
41.15 149352
41.16 151704
41.17 161700
41.18 164052
41.19 157584
41.2 155232
41.21 145824
41.22 137592
41.23 138180
41.24 141708
41.25 135828
41.26 149940
41.27 168756
41.28 162288
41.29 181104
41.3 147000
41.31 118188
41.32 124656
41.33 154056
41.34 171696
41.35 156408
41.36 153468
41.37 153468
41.38 157584
41.39 174636
41.4 185220
41.41 188160
41.42 178752
41.43 158760
41.44 131712
41.45 148176
41.46 173460
41.47 167580
41.48 166404
41.49 147000
41.5 148176
41.51 139356
41.52 127008
41.53 146412
41.54 160524
41.55 168168
41.56 157584
41.57 135240
41.58 132300
41.59 144648
41.6 149352
41.61 152880
41.62 156996
41.63 165816
41.64 168756
41.65 188748
41.66 185808
41.67 177576
41.68 171108
41.69 172872
41.7 176400
41.71 171108
41.72 157584
41.73 169344
41.74 181692
41.75 210504
41.76 216972
41.77 228732
41.78 199332
41.79 175812
41.8 159348
41.81 190512
41.82 194628
41.83 177576
41.84 171108
41.85 169932
41.86 172872
41.87 199920
41.88 191688
41.89 172872
41.9 158760
41.91 163464
41.92 157584
41.93 150528
41.94 155232
41.95 145824
41.96 157584
41.97 147000
41.98 151116
41.99 170520
42 168756
42.01 159936
42.02 158760
42.03 148764
42.04 174636
42.05 174048
42.06 146412
42.07 144060
42.08 137592
42.09 159348
42.1 172284
42.11 175224
42.12 179928
42.13 188160
42.14 178752
42.15 183456
42.16 172872
42.17 156408
42.18 154644
42.19 168168
42.2 171696
42.21 180516
42.22 185220
42.23 179928
42.24 190512
42.25 191100
42.26 185808
42.27 182280
42.28 185808
42.29 184044
42.3 175224
42.31 173460
42.32 169344
42.33 174636
42.34 181692
42.35 182868
42.36 194040
42.37 178752
42.38 178164
42.39 181692
42.4 189924
42.41 185220
42.42 167580
42.43 158172
42.44 145236
42.45 140532
42.46 154644
42.47 151704
42.48 165228
42.49 164052
42.5 170520
42.51 155232
42.52 148176
42.53 143472
42.54 144060
42.55 159348
42.56 151116
42.57 152292
42.58 153468
42.59 160524
42.6 175224
42.61 175224
42.62 180516
42.63 162288
42.64 152292
42.65 151704
42.66 169932
42.67 186396
42.68 185220
42.69 196392
42.7 179928
42.71 185220
42.72 182280
42.73 183456
42.74 200508
42.75 174048
42.76 154056
42.77 142884
42.78 145236
42.79 163464
42.8 161112
42.81 169932
42.82 174048
42.83 156996
42.84 155820
42.85 163464
42.86 144060
42.87 128772
42.88 121716
42.89 127596
42.9 122892
42.91 148764
42.92 169344
42.93 155820
42.94 140532
42.95 127008
42.96 141120
42.97 121128
42.98 132300
42.99 149352
43 154056
43.01 169932
43.02 174636
43.03 175224
43.04 160524
43.05 161112
43.06 184044
43.07 174048
43.08 168168
43.09 185220
43.1 178164
43.11 171696
43.12 169932
43.13 174048
43.14 192864
43.15 204036
43.16 201684
43.17 191100
43.18 166992
43.19 159936
43.2 165228
43.21 175812
43.22 194040
43.23 188160
43.24 182280
43.25 180516
43.26 166404
43.27 156996
43.28 137004
43.29 142296
43.3 150528
43.31 147000
43.32 184632
43.33 186396
43.34 166992
43.35 149352
43.36 151116
43.37 145824
43.38 142296
43.39 138180
43.4 151116
43.41 155820
43.42 162288
43.43 161700
43.44 166992
43.45 167580
43.46 159348
43.47 154644
43.48 151704
43.49 156996
43.5 162288
43.51 169932
43.52 162876
43.53 180516
43.54 190512
43.55 192276
43.56 195804
43.57 175224
43.58 159348
43.59 164640
43.6 191100
43.61 215208
43.62 207564
43.63 194040
43.64 186984
43.65 170520
43.66 186396
43.67 198744
43.68 189924
43.69 180516
43.7 172284
43.71 187572
43.72 194040
43.73 193452
43.74 196392
43.75 180516
43.76 178752
43.77 173460
43.78 169344
43.79 168168
43.8 167580
43.81 168756
43.82 162288
43.83 164052
43.84 159936
43.85 144648
43.86 132888
43.87 144648
43.88 149352
43.89 148176
43.9 143472
43.91 142296
43.92 160524
43.93 155820
43.94 152880
43.95 151704
43.96 144648
43.97 159348
43.98 149940
43.99 172284
44 156408
44.01 167580
44.02 188748
44.03 176400
44.04 179340
44.05 169344
44.06 159936
44.07 169932
44.08 177576
44.09 172872
44.1 164640
44.11 171696
44.12 192276
44.13 198156
44.14 197568
44.15 189924
44.16 171108
44.17 155820
44.18 155232
44.19 177576
44.2 194040
44.21 175224
44.22 168168
44.23 165816
44.24 159348
44.25 164640
44.26 149940
44.27 164640
44.28 164640
44.29 157584
44.3 144648
44.31 138768
44.32 179928
44.33 190512
44.34 184632
44.35 165816
44.36 164640
44.37 160524
44.38 156408
44.39 151116
44.4 188748
44.41 201096
44.42 176988
44.43 152880
44.44 141120
44.45 172284
44.46 163464
44.47 177576
44.48 179340
44.49 162288
44.5 180516
44.51 181104
44.52 180516
44.53 163464
44.54 171696
44.55 168756
44.56 161112
44.57 176988
44.58 191688
44.59 192864
44.6 188748
44.61 185220
44.62 174048
44.63 182280
44.64 170520
44.65 176988
44.66 187572
44.67 202860
44.68 198744
44.69 199332
44.7 190512
44.71 183456
44.72 174048
44.73 175812
44.74 188748
44.75 171108
44.76 175224
44.77 156996
44.78 166404
44.79 164052
44.8 160524
44.81 179340
44.82 183456
44.83 171108
44.84 159936
44.85 154056
44.86 153468
44.87 147588
44.88 165228
44.89 167580
44.9 163464
44.91 162288
44.92 151116
44.93 151116
44.94 142884
44.95 144648
44.96 171108
44.97 172284
44.98 144060
44.99 134064
45 143472
45.01 148764
45.02 157584
45.03 152880
45.04 176988
45.05 176400
45.06 158172
45.07 139944
45.08 141708
45.09 135240
45.1 146412
45.11 152880
45.12 159936
45.13 179340
45.14 187572
45.15 204624
45.16 184044
45.17 159348
45.18 137592
45.19 137004
45.2 134652
45.21 146412
45.22 178164
45.23 188748
45.24 170520
45.25 158760
45.26 164052
45.27 157584
45.28 146412
45.29 134652
45.3 125244
45.31 127596
45.32 131124
45.33 164640
45.34 165228
45.35 175224
45.36 178752
45.37 172872
45.38 160524
45.39 162876
45.4 171696
45.41 166992
45.42 169344
45.43 161112
45.44 157584
45.45 174636
45.46 178164
45.47 187572
45.48 186984
45.49 175812
45.5 168168
45.51 153468
45.52 159936
45.53 152292
45.54 175224
45.55 188748
45.56 196392
45.57 209916
45.58 195804
45.59 176400
45.6 155232
45.61 175812
45.62 175812
45.63 184044
45.64 191100
45.65 194040
45.66 168168
45.67 169344
45.68 175224
45.69 180516
45.7 175812
45.71 174636
45.72 177576
45.73 172872
45.74 172284
45.75 164052
45.76 154644
45.77 165228
45.78 161700
45.79 149352
45.8 155820
45.81 160524
45.82 161112
45.83 173460
45.84 168756
45.85 168756
45.86 168168
45.87 139944
45.88 135828
45.89 156408
45.9 162876
45.91 149940
45.92 149940
45.93 162876
45.94 185220
45.95 189924
45.96 178164
45.97 170520
45.98 162876
45.99 138180
46 139944
46.01 149940
46.02 182868
46.03 189336
46.04 194040
46.05 185808
46.06 171696
46.07 165816
46.08 180516
46.09 194040
46.1 179340
46.11 155232
46.12 140532
46.13 146412
46.14 168756
46.15 188160
46.16 192864
46.17 197568
46.18 182280
46.19 186396
46.2 172284
46.21 154056
46.22 159348
46.23 172872
46.24 182280
46.25 191100
46.26 186396
46.27 204036
46.28 202860
46.29 182280
46.3 185808
46.31 193452
46.32 177576
46.33 187572
46.34 192276
46.35 186984
46.36 189924
46.37 194628
46.38 199920
46.39 184632
46.4 202860
46.41 200508
46.42 199332
46.43 195216
46.44 182868
46.45 175224
46.46 174048
46.47 165816
46.48 161700
46.49 152880
46.5 166404
46.51 166404
46.52 162876
46.53 149352
46.54 145236
46.55 142296
46.56 145824
46.57 148176
46.58 115248
46.59 144060
46.6 163464
46.61 168756
46.62 179928
46.63 168756
46.64 146412
46.65 142296
46.66 149352
46.67 156408
46.68 181104
46.69 164640
46.7 166992
46.71 172284
46.72 165228
46.73 175812
46.74 164640
46.75 194040
46.76 182868
46.77 176400
46.78 158172
46.79 163464
46.8 202272
46.81 200508
46.82 188748
46.83 184044
46.84 183456
46.85 168756
46.86 166404
46.87 180516
46.88 188748
46.89 205800
46.9 211680
46.91 201096
46.92 209916
46.93 185808
46.94 159936
46.95 149352
46.96 172872
46.97 184044
46.98 184044
46.99 176988
47 179340
47.01 163464
47.02 164640
47.03 161700
47.04 154056
47.05 152292
47.06 140532
47.07 135828
47.08 140532
47.09 176400
47.1 168168
47.11 185220
47.12 149352
47.13 124656
47.14 125832
47.15 154056
47.16 161700
47.17 173460
47.18 172284
47.19 159936
47.2 157584
47.21 158760
47.22 163464
47.23 180516
47.24 175812
47.25 183456
47.26 173460
47.27 151704
47.28 145236
47.29 142296
47.3 155820
47.31 165816
47.32 174048
47.33 172284
47.34 154644
47.35 167580
47.36 133476
47.37 152880
47.38 156996
47.39 168756
47.4 184632
47.41 180516
47.42 164640
47.43 165228
47.44 166992
47.45 169932
47.46 172872
47.47 182868
47.48 161700
47.49 152880
47.5 162288
47.51 175224
47.52 200508
47.53 194628
47.54 172872
47.55 157584
47.56 165816
47.57 162876
47.58 150528
47.59 169932
47.6 174048
47.61 194040
47.62 179340
47.63 174048
47.64 157584
47.65 132300
47.66 135240
47.67 156996
47.68 166992
47.69 156408
47.7 162288
47.71 173460
47.72 163464
47.73 144060
47.74 154056
47.75 155232
47.76 164052
47.77 161700
47.78 168756
47.79 159936
47.8 170520
47.81 164640
47.82 162288
47.83 153468
47.84 168756
47.85 181104
47.86 172872
47.87 169344
47.88 172284
47.89 153468
47.9 166404
47.91 175224
47.92 186984
47.93 201096
47.94 199920
47.95 177576
47.96 163464
47.97 168756
47.98 184632
47.99 196392
48 205212
48.01 201684
48.02 180516
48.03 161700
48.04 163464
48.05 196392
48.06 200508
48.07 201096
48.08 205212
48.09 208740
48.1 189336
48.11 201684
48.12 178164
48.13 171108
48.14 160524
48.15 176400
48.16 186396
48.17 175812
48.18 170520
48.19 170520
48.2 174048
48.21 173460
48.22 154644
48.23 151704
48.24 140532
48.25 137592
48.26 129360
48.27 138180
48.28 147588
48.29 158172
48.3 155820
48.31 139944
48.32 132888
48.33 141708
48.34 149352
48.35 162876
48.36 140532
48.37 125244
48.38 134652
48.39 151704
48.4 165816
48.41 175224
48.42 168168
48.43 156996
48.44 181692
48.45 182280
48.46 170520
48.47 165228
48.48 165816
48.49 170520
48.5 177576
48.51 192276
48.52 222852
48.53 194040
48.54 181692
48.55 188160
48.56 196392
48.57 198156
48.58 210504
48.59 196392
48.6 188748
48.61 176400
48.62 167580
48.63 181692
48.64 175812
48.65 168168
48.66 186396
48.67 191100
48.68 194628
48.69 178752
48.7 156996
48.71 132888
48.72 124068
48.73 125832
48.74 139944
48.75 153468
48.76 162288
48.77 141708
48.78 137004
48.79 147588
48.8 154056
48.81 141708
48.82 120540
48.83 108780
48.84 119952
48.85 118188
48.86 156408
48.87 159936
48.88 183456
48.89 154056
48.9 138180
48.91 125832
48.92 131712
48.93 142296
48.94 168756
48.95 161700
48.96 188748
48.97 186984
48.98 169344
48.99 166992
49 158172
49.01 151704
49.02 154056
49.03 161700
49.04 165228
49.05 154644
49.06 172872
49.07 169344
49.08 170520
49.09 175812
49.1 165816
49.11 186984
49.12 171696
49.13 167580
49.14 156408
49.15 161700
49.16 175224
49.17 178164
49.18 165816
49.19 152880
49.2 165816
49.21 165816
49.22 165228
49.23 164052
49.24 164640
49.25 145824
49.26 124068
49.27 128184
49.28 137592
49.29 145824
49.3 148176
49.31 134064
49.32 139944
49.33 148764
49.34 141708
49.35 125244
49.36 121716
49.37 121716
49.38 136416
49.39 138180
49.4 145824
49.41 162876
49.42 166992
49.43 150528
49.44 145824
49.45 154644
49.46 169344
49.47 182280
49.48 176400
49.49 167580
49.5 169344
49.51 184044
49.52 172284
49.53 179928
49.54 184044
49.55 181692
49.56 194628
49.57 192864
49.58 200508
49.59 203448
49.6 197568
49.61 160524
49.62 149940
49.63 151116
49.64 184632
49.65 191688
49.66 204624
49.67 194040
49.68 178752
49.69 181692
49.7 159348
49.71 165816
49.72 170520
49.73 188160
49.74 179928
49.75 174636
49.76 181692
49.77 169932
49.78 166992
49.79 158172
49.8 160524
49.81 169932
49.82 174048
49.83 178752
49.84 171108
49.85 156996
49.86 148764
49.87 154056
49.88 165816
49.89 166992
49.9 164052
49.91 176988
49.92 171108
49.93 179928
49.94 169344
49.95 165228
49.96 163464
49.97 160524
49.98 171108
49.99 176400
