0.01 0
0.02 0
0.03 0
0.04 0
0.05 0
0.06 0
0.07 0
0.08 0
0.09 0
0.1 0
0.11 0
0.12 0
0.13 0
0.14 0
0.15 0
0.16 0
0.17 0
0.18 0
0.19 1176
0.2 57624
0.21 3528
0.22 0
0.23 0
0.24 44100
0.25 98784
0.26 149352
0.27 186984
0.28 227556
0.29 268716
0.3 308112
0.31 346332
0.32 379848
0.33 396312
0.34 422184
0.35 446880
0.36 451584
0.37 450408
0.38 457464
0.39 455700
0.4 450408
0.41 447468
0.42 448644
0.43 450408
0.44 442764
0.45 430416
0.46 435708
0.47 426888
0.48 421008
0.49 392784
0.5 363972
0.51 342804
0.52 318108
0.53 295176
0.54 274596
0.55 252840
0.56 228144
0.57 208740
0.58 192276
0.59 168756
0.6 149352
0.61 134652
0.62 129360
0.63 124656
0.64 121128
0.65 118776
0.66 114072
0.67 103488
0.68 99960
0.69 88788
0.7 79380
0.71 61740
0.72 43512
0.73 31752
0.74 25872
0.75 16464
0.76 14700
0.77 6468
0.78 3528
0.79 0
0.8 0
0.81 0
0.82 0
0.83 0
0.84 1764
0.85 4704
0.86 5292
0.87 5880
0.88 9996
0.89 14112
0.9 17640
0.91 23520
0.92 25872
0.93 28224
0.94 32340
0.95 35868
0.96 38220
0.97 43512
0.98 46452
0.99 48804
1 52920
1.01 57036
1.02 58212
1.03 62916
1.04 65268
1.05 67620
1.06 71148
1.07 75264
1.08 78204
1.09 81732
1.1 84672
1.11 85260
1.12 88788
1.13 92904
1.14 95256
1.15 98196
1.16 101724
1.17 103488
1.18 103488
1.19 104664
1.2 107604
1.21 110544
1.22 114072
1.23 117012
1.24 119364
1.25 118188
1.26 120540
1.27 122892
1.28 124656
1.29 122304
1.3 126420
1.31 126420
1.32 128772
1.33 129948
1.34 130536
1.35 132888
1.36 131124
1.37 130536
1.38 132888
1.39 134652
1.4 135240
1.41 134064
1.42 130536
1.43 123480
1.44 125244
1.45 128184
1.46 119952
1.47 115836
1.48 113484
1.49 117600
1.5 120540
1.51 124068
1.52 123480
1.53 123480
1.54 113484
1.55 89964
1.56 85848
1.57 81144
1.58 84672
1.59 79380
1.6 83496
1.61 77028
1.62 83496
1.63 89376
1.64 88788
1.65 94080
1.66 96432
1.67 98784
1.68 97608
1.69 105840
1.7 109956
1.71 113484
1.72 119364
1.73 121128
1.74 125244
1.75 125832
1.76 128772
1.77 133476
1.78 141708
1.79 148764
1.8 146412
1.81 143472
1.82 145824
1.83 150528
1.84 152292
1.85 155820
1.86 159936
1.87 159936
1.88 158172
1.89 161112
1.9 162876
1.91 167580
1.92 169932
1.93 172872
1.94 173460
1.95 175812
1.96 177576
1.97 180516
1.98 184044
1.99 185220
2 184044
2.01 181692
2.02 181104
2.03 175812
2.04 179340
2.05 181104
2.06 180516
2.07 179340
2.08 181104
2.09 177576
2.1 171696
2.11 159936
2.12 158172
2.13 161112
2.14 159936
2.15 159348
2.16 155232
2.17 152880
2.18 154056
2.19 156408
2.2 152292
2.21 155232
2.22 156408
2.23 153468
2.24 148764
2.25 142884
2.26 142296
2.27 146412
2.28 145236
2.29 148176
2.3 146412
2.31 150528
2.32 153468
2.33 158172
2.34 161700
2.35 165228
2.36 168168
2.37 171108
2.38 173460
2.39 176988
2.4 178752
2.41 183456
2.42 186984
2.43 189336
2.44 192864
2.45 194628
2.46 196980
2.47 200508
2.48 202272
2.49 204624
2.5 208740
2.51 212856
2.52 213444
2.53 208740
2.54 209328
2.55 204036
2.56 205800
2.57 202860
2.58 201684
2.59 205212
2.6 206976
2.61 202860
2.62 206388
2.63 204624
2.64 204624
2.65 203448
2.66 196980
2.67 199920
2.68 203448
2.69 203448
2.7 195804
2.71 198744
2.72 194040
2.73 186396
2.74 170520
2.75 173460
2.76 175224
2.77 177576
2.78 175812
2.79 166992
2.8 168168
2.81 149352
2.82 147000
2.83 149940
2.84 151704
2.85 154056
2.86 156996
2.87 151704
2.88 147588
2.89 135240
2.9 135828
2.91 136416
2.92 131712
2.93 134064
2.94 123480
2.95 119364
2.96 121716
2.97 117600
2.98 119952
2.99 124068
3 127008
3.01 125244
3.02 125244
3.03 129948
3.04 129948
3.05 131712
3.06 134064
3.07 138768
3.08 139356
3.09 139944
3.1 145236
3.11 143472
3.12 139944
3.13 142296
3.14 143472
3.15 142884
3.16 140532
3.17 141708
3.18 145824
3.19 147588
3.2 151116
3.21 149352
3.22 151704
3.23 150528
3.24 154644
3.25 158760
3.26 160524
3.27 162288
3.28 165816
3.29 168756
3.3 171696
3.31 174636
3.32 174636
3.33 178164
3.34 180516
3.35 172872
3.36 175812
3.37 179340
3.38 182280
3.39 185808
3.4 181104
3.41 183456
3.42 185808
3.43 184044
3.44 182280
3.45 184044
3.46 187572
3.47 188748
3.48 189924
3.49 186396
3.5 188748
3.51 192276
3.52 191100
3.53 188748
3.54 191688
3.55 192864
3.56 195216
3.57 194628
3.58 188748
3.59 189336
3.6 181104
3.61 182868
3.62 185220
3.63 188748
3.64 180516
3.65 181692
3.66 182868
3.67 182280
3.68 178752
3.69 173460
3.7 173460
3.71 174636
3.72 171696
3.73 172872
3.74 171696
3.75 174048
3.76 164640
3.77 157584
3.78 154644
3.79 154056
3.8 154644
3.81 158172
3.82 159348
3.83 156408
3.84 159348
3.85 155232
3.86 151116
3.87 152880
3.88 149352
3.89 146412
3.9 149940
3.91 149940
3.92 145236
3.93 148176
3.94 140532
3.95 141120
3.96 139944
3.97 142884
3.98 141120
3.99 139944
4 143472
4.01 138768
4.02 144060
4.03 147000
4.04 142296
4.05 140532
4.06 141708
4.07 141120
4.08 145236
4.09 149352
4.1 147588
4.11 151116
4.12 151704
4.13 154056
4.14 151116
4.15 154056
4.16 155232
4.17 159348
4.18 164640
4.19 166404
4.2 165816
4.21 166404
4.22 158760
4.23 160524
4.24 161112
4.25 165816
4.26 169344
4.27 172284
4.28 169932
4.29 165228
4.3 168168
4.31 172872
4.32 175224
4.33 179928
4.34 183456
4.35 184632
4.36 178752
4.37 181104
4.38 175224
4.39 178752
4.4 181104
4.41 182868
4.42 186396
4.43 189336
4.44 187572
4.45 184632
4.46 185808
4.47 188160
4.48 185808
4.49 184044
4.5 185220
4.51 181104
4.52 184044
4.53 184632
4.54 179928
4.55 176988
4.56 179340
4.57 169344
4.58 171696
4.59 174636
4.6 170520
4.61 162876
4.62 160524
4.63 162876
4.64 165816
4.65 160524
4.66 158172
4.67 156408
4.68 159348
4.69 154056
4.7 155232
4.71 152292
4.72 149352
4.73 152880
4.74 152880
4.75 149352
4.76 150528
4.77 155232
4.78 156996
4.79 148764
4.8 152880
4.81 156408
4.82 156996
4.83 150528
4.84 151704
4.85 155232
4.86 157584
4.87 160524
4.88 164052
4.89 167580
4.9 169932
4.91 174048
4.92 175812
4.93 179340
4.94 179340
4.95 182280
4.96 184632
4.97 186984
4.98 188160
4.99 191100
5 185220
5.01 186396
5.02 187572
5.03 186396
5.04 186396
5.05 185808
5.06 188160
5.07 186396
5.08 188748
5.09 188160
5.1 190512
5.11 182280
5.12 178164
5.13 171696
5.14 169932
5.15 169932
5.16 170520
5.17 158172
5.18 161112
5.19 153468
5.2 145236
5.21 148176
5.22 147000
5.23 148176
5.24 148764
5.25 149352
5.26 151116
5.27 151704
5.28 150528
5.29 147000
5.3 145824
5.31 143472
5.32 138180
5.33 137592
5.34 140532
5.35 142296
5.36 143472
5.37 145236
5.38 147000
5.39 146412
5.4 150528
5.41 154056
5.42 157584
5.43 161112
5.44 162876
5.45 165816
5.46 169344
5.47 171108
5.48 172872
5.49 176988
5.5 178164
5.51 181104
5.52 182868
5.53 184044
5.54 186396
5.55 187572
5.56 181692
5.57 183456
5.58 182868
5.59 184632
5.6 186984
5.61 186984
5.62 188748
5.63 185808
5.64 185220
5.65 170520
5.66 172284
5.67 170520
5.68 168168
5.69 164052
5.7 165228
5.71 164640
5.72 165228
5.73 157584
5.74 152880
5.75 141120
5.76 142296
5.77 137004
5.78 129948
5.79 134064
5.8 132888
5.81 127596
5.82 124656
5.83 118188
5.84 109368
5.85 114072
5.86 117012
5.87 113484
5.88 116424
5.89 119364
5.9 118776
5.91 122304
5.92 120540
5.93 118776
5.94 122304
5.95 124068
5.96 126420
5.97 130536
5.98 132888
5.99 131124
6 133476
6.01 132888
6.02 135828
6.03 132300
6.04 136416
6.05 140532
6.06 141708
6.07 147000
6.08 147000
6.09 148764
6.1 147000
6.11 151704
6.12 155232
6.13 159348
6.14 162876
6.15 165816
6.16 163464
6.17 162876
6.18 165816
6.19 169344
6.2 174048
6.21 176400
6.22 162876
6.23 167580
6.24 170520
6.25 171696
6.26 172872
6.27 175812
6.28 178752
6.29 182868
6.3 186396
6.31 189336
6.32 192864
6.33 191100
6.34 191688
6.35 194628
6.36 196392
6.37 198744
6.38 197568
6.39 197568
6.4 198744
6.41 200508
6.42 202272
6.43 202860
6.44 198744
6.45 201684
6.46 200508
6.47 201684
6.48 200508
6.49 196392
6.5 191688
6.51 185220
6.52 186984
6.53 189336
6.54 186984
6.55 184632
6.56 186396
6.57 176400
6.58 173460
6.59 163464
6.6 156408
6.61 149352
6.62 152292
6.63 151704
6.64 151116
6.65 146412
6.66 147000
6.67 147588
6.68 150528
6.69 150528
6.7 152880
6.71 146412
6.72 145236
6.73 149352
6.74 152880
6.75 156408
6.76 159348
6.77 154644
6.78 157584
6.79 156408
6.8 159348
6.81 162876
6.82 167580
6.83 169344
6.84 172284
6.85 175812
6.86 178164
6.87 181692
6.88 184632
6.89 186396
6.9 191100
6.91 194628
6.92 194628
6.93 196980
6.94 199920
6.95 201684
6.96 205212
6.97 208740
6.98 201684
6.99 205212
7 206388
7.01 202860
7.02 205212
7.03 207564
7.04 204624
7.05 206976
7.06 208740
7.07 208740
7.08 211092
7.09 204624
7.1 203448
7.11 204036
7.12 199332
7.13 195804
7.14 197568
7.15 198744
7.16 190512
7.17 188160
7.18 181692
7.19 176400
7.2 175224
7.21 175812
7.22 171696
7.23 162288
7.24 156996
7.25 159936
7.26 157584
7.27 155820
7.28 158172
7.29 153468
7.3 147000
7.31 138768
7.32 134064
7.33 138180
7.34 128772
7.35 125244
7.36 117012
7.37 115836
7.38 118776
7.39 121716
7.4 125244
7.41 128772
7.42 129360
7.43 125244
7.44 127008
7.45 123480
7.46 126420
7.47 129948
7.48 133476
7.49 136416
7.5 135240
7.51 138768
7.52 141708
7.53 146412
7.54 147588
7.55 147000
7.56 151704
7.57 152880
7.58 149352
7.59 153468
7.6 154644
7.61 158760
7.62 161112
7.63 162288
7.64 164640
7.65 168756
7.66 170520
7.67 172284
7.68 174048
7.69 174048
7.7 174048
7.71 175224
7.72 177576
7.73 179340
7.74 182868
7.75 179928
7.76 177576
7.77 177576
7.78 179928
7.79 181104
7.8 183456
7.81 185220
7.82 187572
7.83 180516
7.84 176400
7.85 168756
7.86 163464
7.87 166992
7.88 165228
7.89 162288
7.9 162876
7.91 159936
7.92 153468
7.93 152880
7.94 156996
7.95 158760
7.96 149352
7.97 144648
7.98 142296
7.99 142296
8 139944
8.01 136416
8.02 132300
8.03 132300
8.04 123480
8.05 127596
8.06 128184
8.07 131124
8.08 133476
8.09 137592
8.1 141120
8.11 144060
8.12 142296
8.13 144648
8.14 148176
8.15 152880
8.16 155232
8.17 159348
8.18 162876
8.19 165228
8.2 166404
8.21 168756
8.22 171696
8.23 176400
8.24 180516
8.25 182280
8.26 186984
8.27 189336
8.28 186396
8.29 188748
8.3 190512
8.31 192276
8.32 195804
8.33 198744
8.34 199920
8.35 199332
8.36 202272
8.37 205800
8.38 198156
8.39 195216
8.4 196980
8.41 200508
8.42 195216
8.43 197568
8.44 194628
8.45 194040
8.46 196980
8.47 183456
8.48 179928
8.49 178164
8.5 175224
8.51 174048
8.52 175812
8.53 177576
8.54 171696
8.55 173460
8.56 175224
8.57 171696
8.58 175224
8.59 173460
8.6 173460
8.61 171108
8.62 162288
8.63 156408
8.64 155820
8.65 157584
8.66 159936
8.67 161700
8.68 161112
8.69 156996
8.7 160524
8.71 161112
8.72 159348
8.73 157584
8.74 155820
8.75 156996
8.76 159936
8.77 158172
8.78 159936
8.79 164052
8.8 168168
8.81 169344
8.82 171696
8.83 174636
8.84 174636
8.85 175812
8.86 179928
8.87 178164
8.88 181692
8.89 182868
8.9 183456
8.91 184632
8.92 184632
8.93 184632
8.94 184632
8.95 182280
8.96 184044
8.97 186984
8.98 184632
8.99 183456
9 181692
9.01 179340
9.02 171696
9.03 174048
9.04 176988
9.05 176400
9.06 178752
9.07 178164
9.08 181104
9.09 176400
9.1 176988
9.11 170520
9.12 167580
9.13 167580
9.14 168168
9.15 169932
9.16 172872
9.17 168756
9.18 165228
9.19 164640
9.2 166992
9.21 168756
9.22 165228
9.23 164640
9.24 163464
9.25 163464
9.26 164640
9.27 162876
9.28 159348
9.29 159936
9.3 151116
9.31 135240
9.32 137004
9.33 133476
9.34 128184
9.35 129948
9.36 133476
9.37 134064
9.38 126420
9.39 130536
9.4 132888
9.41 136416
9.42 138180
9.43 139356
9.44 141120
9.45 141708
9.46 142884
9.47 146412
9.48 149352
9.49 152880
9.5 155820
9.51 159936
9.52 160524
9.53 164052
9.54 165228
9.55 167580
9.56 168168
9.57 171108
9.58 173460
9.59 167580
9.6 163464
9.61 166404
9.62 169932
9.63 171696
9.64 169932
9.65 169344
9.66 171108
9.67 169344
9.68 168756
9.69 168168
9.7 169932
9.71 174048
9.72 171108
9.73 171696
9.74 171696
9.75 173460
9.76 174048
9.77 171108
9.78 169932
9.79 170520
9.8 174636
9.81 177576
9.82 174636
9.83 172872
9.84 156996
9.85 155820
9.86 153468
9.87 152880
9.88 155232
9.89 148764
9.9 151116
9.91 153468
9.92 158172
9.93 161112
9.94 163464
9.95 162288
9.96 164052
9.97 166404
9.98 169932
9.99 166992
10 171108
10.01 171696
10.02 171108
10.03 171696
10.04 174048
10.05 174048
10.06 177576
10.07 174636
10.08 176400
10.09 176988
10.1 174636
10.11 175812
10.12 178752
10.13 182868
10.14 184632
10.15 186984
10.16 178164
10.17 175224
10.18 175812
10.19 178752
10.2 179928
10.21 177576
10.22 168168
10.23 170520
10.24 172872
10.25 175224
10.26 167580
10.27 169932
10.28 171108
10.29 166992
10.3 169932
10.31 170520
10.32 165816
10.33 170520
10.34 172872
10.35 172872
10.36 172284
10.37 159348
10.38 162876
10.39 159936
10.4 156408
10.41 160524
10.42 164052
10.43 165228
10.44 163464
10.45 162288
10.46 164640
10.47 161112
10.48 161112
10.49 162876
10.5 167580
10.51 166992
10.52 168756
10.53 166404
10.54 169932
10.55 170520
10.56 174048
10.57 175812
10.58 177576
10.59 177576
10.6 181104
10.61 182868
10.62 183456
10.63 186984
10.64 188160
10.65 191688
10.66 192276
10.67 192276
10.68 196392
10.69 199920
10.7 203448
10.71 205212
10.72 206976
10.73 205800
10.74 206388
10.75 202860
10.76 205212
10.77 208740
10.78 210504
10.79 210504
10.8 202272
10.81 203448
10.82 195804
10.83 194040
10.84 191100
10.85 192276
10.86 195216
10.87 195804
10.88 195216
10.89 196392
10.9 192276
10.91 186984
10.92 176988
10.93 172284
10.94 171108
10.95 168756
10.96 169344
10.97 163464
10.98 166404
10.99 165816
11 168168
11.01 169344
11.02 168168
11.03 171696
11.04 166992
11.05 171108
11.06 172284
11.07 169932
11.08 165228
11.09 160524
11.1 162876
11.11 164640
11.12 166992
11.13 169344
11.14 165816
11.15 168168
11.16 169344
11.17 171108
11.18 174636
11.19 179928
11.2 174636
11.21 178164
11.22 179340
11.23 176400
11.24 176400
11.25 174048
11.26 173460
11.27 175224
11.28 178752
11.29 181104
11.3 180516
11.31 181692
11.32 183456
11.33 182280
11.34 185220
11.35 177576
11.36 181104
11.37 174636
11.38 175812
11.39 174048
11.4 169344
11.41 165228
11.42 161112
11.43 158172
11.44 156408
11.45 159936
11.46 162288
11.47 154644
11.48 152880
11.49 154644
11.5 158760
11.51 155820
11.52 154644
11.53 153468
11.54 156996
11.55 159936
11.56 146412
11.57 149352
11.58 148176
11.59 147588
11.6 152292
11.61 152292
11.62 154644
11.63 158760
11.64 161112
11.65 162288
11.66 164640
11.67 168756
11.68 171696
11.69 168756
11.7 169932
11.71 172284
11.72 175812
11.73 170520
11.74 172872
11.75 176400
11.76 179340
11.77 181104
11.78 184044
11.79 181104
11.8 184632
11.81 184632
11.82 175224
11.83 177576
11.84 181692
11.85 183456
11.86 182868
11.87 174636
11.88 172284
11.89 166992
11.9 158172
11.91 159936
11.92 159348
11.93 162876
11.94 149940
11.95 148176
11.96 148176
11.97 145824
11.98 148764
11.99 142296
12 141708
12.01 143472
12.02 141120
12.03 144648
12.04 142296
12.05 146412
12.06 152292
12.07 152292
12.08 154644
12.09 156996
12.1 161112
12.11 162288
12.12 165228
12.13 168756
12.14 173460
12.15 176400
12.16 175224
12.17 178164
12.18 181104
12.19 182868
12.2 185808
12.21 188748
12.22 192276
12.23 193452
12.24 194628
12.25 196980
12.26 197568
12.27 199920
12.28 198744
12.29 199920
12.3 198156
12.31 197568
12.32 193452
12.33 191688
12.34 192276
12.35 193452
12.36 186396
12.37 180516
12.38 180516
12.39 174636
12.4 178164
12.41 170520
12.42 165816
12.43 167580
12.44 165228
12.45 165816
12.46 165816
12.47 164640
12.48 164052
12.49 164052
12.5 156996
12.51 157584
12.52 157584
12.53 148764
12.54 151704
12.55 147000
12.56 146412
12.57 148764
12.58 151704
12.59 152292
12.6 152880
12.61 156408
12.62 159348
12.63 161700
12.64 164640
12.65 167580
12.66 169932
12.67 167580
12.68 168756
12.69 172284
12.7 168168
12.71 166992
12.72 168756
12.73 172284
12.74 175224
12.75 175812
12.76 174048
12.77 173460
12.78 175224
12.79 174636
12.8 177576
12.81 179340
12.82 181692
12.83 179928
12.84 174048
12.85 163464
12.86 162876
12.87 162288
12.88 164640
12.89 166992
12.9 170520
12.91 169344
12.92 154056
12.93 152880
12.94 142884
12.95 139944
12.96 136416
12.97 136416
12.98 138768
12.99 144060
13 136416
13.01 135240
13.02 135828
13.03 128772
13.04 129948
13.05 131712
13.06 131124
13.07 131124
13.08 134064
13.09 128184
13.1 132888
13.11 135240
13.12 138180
13.13 134652
13.14 137004
13.15 141120
13.16 142884
13.17 147588
13.18 145236
13.19 147588
13.2 151116
13.21 147588
13.22 150528
13.23 155232
13.24 159348
13.25 163464
13.26 165816
13.27 170520
13.28 169344
13.29 169344
13.3 171696
13.31 174636
13.32 176988
13.33 182280
13.34 184632
13.35 184632
13.36 187572
13.37 183456
13.38 184632
13.39 185220
13.4 188160
13.41 190512
13.42 192864
13.43 194628
13.44 194040
13.45 189336
13.46 192864
13.47 186984
13.48 179340
13.49 178752
13.5 180516
13.51 175812
13.52 169344
13.53 165816
13.54 165816
13.55 165228
13.56 159936
13.57 154644
13.58 155820
13.59 152292
13.6 150528
13.61 150528
13.62 152880
13.63 151704
13.64 154056
13.65 150528
13.66 148764
13.67 144060
13.68 146412
13.69 148176
13.7 151704
13.71 154644
13.72 154056
13.73 151704
13.74 154644
13.75 156408
13.76 161112
13.77 162876
13.78 164052
13.79 167580
13.8 163464
13.81 168168
13.82 171696
13.83 174636
13.84 178164
13.85 180516
13.86 183456
13.87 186396
13.88 179340
13.89 182868
13.9 186396
13.91 187572
13.92 190512
13.93 194628
13.94 196980
13.95 196392
13.96 198156
13.97 189924
13.98 192864
13.99 195804
14 191688
14.01 192864
14.02 188160
14.03 189336
14.04 185808
14.05 186984
14.06 184044
14.07 181104
14.08 178164
14.09 179928
14.1 176400
14.11 172872
14.12 172284
14.13 172872
14.14 170520
14.15 172872
14.16 173460
14.17 175224
14.18 166992
14.19 166992
14.2 166992
14.21 165228
14.22 155232
14.23 148176
14.24 142296
14.25 138180
14.26 143472
14.27 143472
14.28 144648
14.29 135828
14.3 123480
14.31 121716
14.32 121716
14.33 116424
14.34 115248
14.35 112896
14.36 113484
14.37 118188
14.38 122892
14.39 124068
14.4 118188
14.41 121716
14.42 125832
14.43 128184
14.44 130536
14.45 134064
14.46 139356
14.47 141708
14.48 144060
14.49 147588
14.5 149940
14.51 141708
14.52 145824
14.53 149352
14.54 153468
14.55 156996
14.56 158172
14.57 159936
14.58 156996
14.59 155820
14.6 159936
14.61 164640
14.62 166992
14.63 169932
14.64 169932
14.65 170520
14.66 172872
14.67 171108
14.68 166404
14.69 168756
14.7 173460
14.71 175224
14.72 171696
14.73 174048
14.74 176400
14.75 171108
14.76 172284
14.77 172872
14.78 173460
14.79 173460
14.8 175812
14.81 177576
14.82 178752
14.83 179928
14.84 183456
14.85 186984
14.86 188748
14.87 187572
14.88 189336
14.89 189924
14.9 184632
14.91 187572
14.92 184044
14.93 182280
14.94 179928
14.95 178752
14.96 175812
14.97 170520
14.98 168168
14.99 166992
15 165228
15.01 167580
15.02 169932
15.03 164640
15.04 155232
15.05 156996
15.06 158760
15.07 159936
15.08 161112
15.09 161700
15.1 165228
15.11 167580
15.12 167580
15.13 168168
15.14 165228
15.15 165228
15.16 158760
15.17 153468
15.18 153468
15.19 156408
15.2 157584
15.21 156996
15.22 158172
15.23 159348
15.24 161700
15.25 162288
15.26 159936
15.27 160524
15.28 164640
15.29 162876
15.3 166404
15.31 168756
15.32 172872
15.33 171696
15.34 173460
15.35 174048
15.36 178164
15.37 176400
15.38 180516
15.39 182868
15.4 184632
15.41 188160
15.42 186396
15.43 181692
15.44 177576
15.45 180516
15.46 181692
15.47 186396
15.48 181692
15.49 184044
15.5 182280
15.51 171696
15.52 174048
15.53 176988
15.54 176400
15.55 179340
15.56 181692
15.57 179340
15.58 172284
15.59 162876
15.6 159348
15.61 158760
15.62 159348
15.63 154644
15.64 158760
15.65 150528
15.66 149352
15.67 151116
15.68 147588
15.69 150528
15.7 152880
15.71 155232
15.72 152880
15.73 152880
15.74 149352
15.75 149940
15.76 149940
15.77 152292
15.78 156408
15.79 159936
15.8 161700
15.81 161112
15.82 164640
15.83 164640
15.84 168756
15.85 171696
15.86 172872
15.87 175224
15.88 176400
15.89 178752
15.9 178164
15.91 180516
15.92 185220
15.93 186984
15.94 191100
15.95 191100
15.96 192864
15.97 184632
15.98 185808
15.99 185220
16 189336
16.01 185808
16.02 184044
16.03 176988
16.04 166404
16.05 162876
16.06 158172
16.07 151704
16.08 149940
16.09 153468
16.1 150528
16.11 146412
16.12 147000
16.13 149352
16.14 147000
16.15 144648
16.16 140532
16.17 143472
16.18 139944
16.19 142296
16.2 141120
16.21 144060
16.22 148176
16.23 152292
16.24 150528
16.25 150528
16.26 154644
16.27 156996
16.28 159936
16.29 164052
16.3 168168
16.31 169932
16.32 174048
16.33 176988
16.34 179928
16.35 182868
16.36 184632
16.37 185808
16.38 188748
16.39 192276
16.4 192276
16.41 192276
16.42 193452
16.43 195804
16.44 196980
16.45 192276
16.46 193452
16.47 192864
16.48 184044
16.49 183456
16.5 178752
16.51 180516
16.52 172872
16.53 169344
16.54 156408
16.55 154056
16.56 153468
16.57 151116
16.58 154644
16.59 158760
16.6 161112
16.61 158760
16.62 161700
16.63 161700
16.64 163464
16.65 167580
16.66 160524
16.67 163464
16.68 162876
16.69 166404
16.7 168168
16.71 163464
16.72 165816
16.73 168168
16.74 167580
16.75 169344
16.76 171108
16.77 168168
16.78 168168
16.79 165816
16.8 168756
16.81 171108
16.82 173460
16.83 174636
16.84 174636
16.85 178164
16.86 175224
16.87 176988
16.88 175812
16.89 178752
16.9 176400
16.91 171108
16.92 171696
16.93 168168
16.94 164640
16.95 162288
16.96 163464
16.97 160524
16.98 161700
16.99 165228
17 164052
17.01 149352
17.02 149940
17.03 150528
17.04 147000
17.05 144648
17.06 147000
17.07 149352
17.08 148764
17.09 148764
17.1 138180
17.11 135240
17.12 135828
17.13 139356
17.14 143472
17.15 146412
17.16 144648
17.17 143472
17.18 145236
17.19 145824
17.2 149352
17.21 153468
17.22 155820
17.23 158172
17.24 163464
17.25 165228
17.26 167580
17.27 172284
17.28 172872
17.29 175812
17.3 179928
17.31 181104
17.32 182280
17.33 185808
17.34 187572
17.35 191100
17.36 194040
17.37 193452
17.38 195804
17.39 198156
17.4 202272
17.41 201684
17.42 204036
17.43 197568
17.44 197568
17.45 195216
17.46 191688
17.47 193452
17.48 195216
17.49 192276
17.5 185808
17.51 188748
17.52 192276
17.53 195216
17.54 192276
17.55 188160
17.56 183456
17.57 185220
17.58 185808
17.59 181692
17.6 181104
17.61 183456
17.62 184632
17.63 175812
17.64 173460
17.65 174636
17.66 164640
17.67 169344
17.68 166404
17.69 167580
17.7 169344
17.71 162876
17.72 165228
17.73 167580
17.74 165228
17.75 158172
17.76 161112
17.77 159348
17.78 159348
17.79 154056
17.8 153468
17.81 142296
17.82 122304
17.83 124656
17.84 127008
17.85 131124
17.86 134652
17.87 129948
17.88 132888
17.89 136416
17.9 140532
17.91 144648
17.92 144648
17.93 148176
17.94 149940
17.95 155232
17.96 154644
17.97 157584
17.98 162288
17.99 162288
18 165816
18.01 169344
18.02 171108
18.03 175224
18.04 172284
18.05 175224
18.06 178752
18.07 181104
18.08 184044
18.09 186396
18.1 186984
18.11 189924
18.12 195216
18.13 195216
18.14 196980
18.15 199920
18.16 201684
18.17 204624
18.18 206388
18.19 202860
18.2 203448
18.21 203448
18.22 200508
18.23 198744
18.24 201096
18.25 196980
18.26 192864
18.27 189924
18.28 183456
18.29 180516
18.3 180516
18.31 176400
18.32 178164
18.33 181692
18.34 178752
18.35 181104
18.36 172872
18.37 171108
18.38 170520
18.39 165816
18.4 167580
18.41 168168
18.42 165816
18.43 160524
18.44 157584
18.45 155820
18.46 149352
18.47 149352
18.48 146412
18.49 141708
18.5 142296
18.51 145824
18.52 142884
18.53 141120
18.54 135828
18.55 137004
18.56 131124
18.57 131124
18.58 133476
18.59 135828
18.6 134652
18.61 139356
18.62 141120
18.63 144060
18.64 147588
18.65 144648
18.66 147588
18.67 149352
18.68 152292
18.69 155820
18.7 159348
18.71 159936
18.72 161112
18.73 161700
18.74 164640
18.75 166992
18.76 168168
18.77 171696
18.78 169344
18.79 168168
18.8 165816
18.81 165816
18.82 168168
18.83 168168
18.84 166992
18.85 166404
18.86 166404
18.87 167580
18.88 159936
18.89 162876
18.9 163464
18.91 166404
18.92 159348
18.93 159348
18.94 156996
18.95 154644
18.96 155232
18.97 147588
18.98 142296
18.99 134652
19 125832
19.01 123480
19.02 120540
19.03 123480
19.04 120540
19.05 123480
19.06 120540
19.07 116424
19.08 118188
19.09 120540
19.1 121128
19.11 120540
19.12 124656
19.13 128772
19.14 129360
19.15 128772
19.16 132300
19.17 135828
19.18 138768
19.19 140532
19.2 144060
19.21 145824
19.22 133476
19.23 136416
19.24 133476
19.25 136416
19.26 137004
19.27 141120
19.28 144060
19.29 140532
19.3 141120
19.31 142296
19.32 141708
19.33 145824
19.34 145824
19.35 150528
19.36 154056
19.37 154056
19.38 151704
19.39 154644
19.4 158172
19.41 159936
19.42 162288
19.43 164640
19.44 166992
19.45 170520
19.46 174636
19.47 176400
19.48 180516
19.49 181104
19.5 178752
19.51 181692
19.52 184044
19.53 186396
19.54 189924
19.55 191100
19.56 188748
19.57 189336
19.58 192276
19.59 194040
19.6 194628
19.61 192276
19.62 193452
19.63 196392
19.64 196980
19.65 191100
19.66 194628
19.67 196980
19.68 197568
19.69 194040
19.7 178164
19.71 175812
19.72 175224
19.73 170520
19.74 160524
19.75 163464
19.76 165816
19.77 164640
19.78 160524
19.79 162876
19.8 153468
19.81 152292
19.82 145236
19.83 143472
19.84 141708
19.85 137592
19.86 135828
19.87 137592
19.88 140532
19.89 144648
19.9 147000
19.91 146412
19.92 141120
19.93 137592
19.94 142296
19.95 146412
19.96 147588
19.97 151704
19.98 155232
19.99 159348
20 162876
20.01 166992
20.02 169344
20.03 172872
20.04 167580
20.05 166992
20.06 170520
20.07 174048
20.08 176400
20.09 177576
20.1 179928
20.11 181104
20.12 185220
20.13 182280
20.14 179340
20.15 180516
20.16 183456
20.17 182280
20.18 184044
20.19 185220
20.2 188160
20.21 184632
20.22 184044
20.23 185220
20.24 179340
20.25 174048
20.26 165228
20.27 154644
20.28 152880
20.29 148764
20.3 151116
20.31 143472
20.32 134652
20.33 138180
20.34 140532
20.35 137592
20.36 131124
20.37 131712
20.38 133476
20.39 136416
20.4 140532
20.41 144060
20.42 148176
20.43 142296
20.44 138768
20.45 141708
20.46 145824
20.47 149352
20.48 151116
20.49 152880
20.5 156996
20.51 161112
20.52 161700
20.53 164052
20.54 168168
20.55 169932
20.56 170520
20.57 172872
20.58 174636
20.59 174636
20.6 174048
20.61 176400
20.62 177576
20.63 179340
20.64 181692
20.65 184044
20.66 182868
20.67 184044
20.68 182280
20.69 186984
20.7 188160
20.71 187572
20.72 184632
20.73 180516
20.74 182868
20.75 181104
20.76 181692
20.77 185808
20.78 189336
20.79 185808
20.8 186984
20.81 182280
20.82 179340
20.83 178164
20.84 174636
20.85 174048
20.86 176988
20.87 173460
20.88 173460
20.89 175812
20.9 171696
20.91 169344
20.92 161700
20.93 163464
20.94 165816
20.95 162288
20.96 166404
20.97 167580
20.98 161700
20.99 149940
21 144648
21.01 144648
21.02 139356
21.03 139356
21.04 141708
21.05 142296
21.06 144648
21.07 142296
21.08 141708
21.09 142296
21.1 138768
21.11 140532
21.12 140532
21.13 144648
21.14 148764
21.15 152292
21.16 156996
21.17 160524
21.18 161700
21.19 159348
21.2 161700
21.21 159348
21.22 164640
21.23 166992
21.24 171108
21.25 173460
21.26 175224
21.27 174636
21.28 177576
21.29 171696
21.3 175224
21.31 172284
21.32 174048
21.33 175224
21.34 179340
21.35 176988
21.36 178164
21.37 179928
21.38 184044
21.39 184044
21.4 184044
21.41 176400
21.42 174048
21.43 170520
21.44 159936
21.45 152880
21.46 154056
21.47 153468
21.48 146412
21.49 144060
21.5 144648
21.51 148176
21.52 141120
21.53 139356
21.54 138768
21.55 137592
21.56 138768
21.57 133476
21.58 138180
21.59 140532
21.6 145236
21.61 146412
21.62 149940
21.63 149940
21.64 151704
21.65 149940
21.66 154644
21.67 156996
21.68 159348
21.69 161700
21.7 164052
21.71 166992
21.72 170520
21.73 171696
21.74 175224
21.75 177576
21.76 177576
21.77 175224
21.78 178752
21.79 181692
21.8 181692
21.81 186984
21.82 185808
21.83 186396
21.84 188748
21.85 184632
21.86 184632
21.87 188160
21.88 185808
21.89 182280
21.9 185220
21.91 188160
21.92 182868
21.93 182280
21.94 181104
21.95 180516
21.96 183456
21.97 181104
21.98 181692
21.99 184632
22 180516
22.01 170520
22.02 172872
22.03 169932
22.04 169932
22.05 172284
22.06 169344
22.07 173460
22.08 172284
22.09 165816
22.1 166404
22.11 161112
22.12 155820
22.13 158172
22.14 156408
22.15 159348
22.16 156996
22.17 158172
22.18 154644
22.19 148764
22.2 148764
22.21 151704
22.22 150528
22.23 153468
22.24 154644
22.25 156408
22.26 158172
22.27 158760
22.28 162288
22.29 164640
22.3 164640
22.31 167580
22.32 166992
22.33 165816
22.34 169344
22.35 168756
22.36 168756
22.37 171108
22.38 169344
22.39 171108
22.4 172872
22.41 174636
22.42 174636
22.43 172872
22.44 174048
22.45 171108
22.46 173460
22.47 174048
22.48 172872
22.49 174048
22.5 175812
22.51 171108
22.52 172872
22.53 164640
22.54 159936
22.55 158760
22.56 159936
22.57 161700
22.58 156408
22.59 154644
22.6 152292
22.61 151116
22.62 153468
22.63 155820
22.64 158172
22.65 160524
22.66 162876
22.67 166992
22.68 159348
22.69 160524
22.7 164052
22.71 166992
22.72 160524
22.73 158172
22.74 154056
22.75 156996
22.76 162288
22.77 165228
22.78 166992
22.79 169932
22.8 169932
22.81 170520
22.82 174636
22.83 177576
22.84 181104
22.85 181692
22.86 184044
22.87 184632
22.88 186396
22.89 188160
22.9 191100
22.91 193452
22.92 195216
22.93 198744
22.94 199920
22.95 195216
22.96 195216
22.97 194628
22.98 196392
22.99 199920
23 196392
23.01 194628
23.02 197568
23.03 198156
23.04 184632
23.05 176400
23.06 174048
23.07 172872
23.08 166992
23.09 159348
23.1 159348
23.11 157584
23.12 155232
23.13 155232
23.14 152292
23.15 152880
23.16 148764
23.17 146412
23.18 144060
23.19 144060
23.2 135240
23.21 128772
23.22 128184
23.23 131124
23.24 126420
23.25 128184
23.26 132300
23.27 133476
23.28 136416
23.29 138180
23.3 139944
23.31 143472
23.32 147588
23.33 148176
23.34 151116
23.35 154644
23.36 158172
23.37 159936
23.38 159936
23.39 162876
23.4 166992
23.41 170520
23.42 172284
23.43 175812
23.44 179340
23.45 181692
23.46 181692
23.47 184632
23.48 187572
23.49 187572
23.5 189336
23.51 192864
23.52 195216
23.53 199332
23.54 199920
23.55 202272
23.56 201096
23.57 200508
23.58 203448
23.59 204036
23.6 205800
23.61 208740
23.62 208152
23.63 201684
23.64 203448
23.65 196392
23.66 198744
23.67 197568
23.68 192864
23.69 192276
23.7 181692
23.71 182280
23.72 185808
23.73 179340
23.74 176988
23.75 167580
23.76 156408
23.77 154056
23.78 153468
23.79 154644
23.8 156996
23.81 152880
23.82 139944
23.83 137004
23.84 133476
23.85 122304
23.86 114660
23.87 114660
23.88 115836
23.89 111132
23.9 111132
23.91 113484
23.92 111720
23.93 110544
23.94 114072
23.95 114072
23.96 105840
23.97 111132
23.98 113484
23.99 117600
24 121716
24.01 124068
24.02 127008
24.03 124656
24.04 128184
24.05 130536
24.06 133476
24.07 137592
24.08 141120
24.09 144060
24.1 147588
24.11 147588
24.12 149352
24.13 152292
24.14 155820
24.15 153468
24.16 156408
24.17 159936
24.18 162876
24.19 165816
24.2 168756
24.21 171696
24.22 174048
24.23 177576
24.24 179928
24.25 181104
24.26 185808
24.27 188160
24.28 191688
24.29 189336
24.3 190512
24.31 192276
24.32 195216
24.33 196392
24.34 189924
24.35 194040
24.36 195804
24.37 188748
24.38 191100
24.39 192864
24.4 189336
24.41 182280
24.42 175812
24.43 178752
24.44 181692
24.45 176988
24.46 179928
24.47 181104
24.48 181104
24.49 180516
24.5 181692
24.51 179340
24.52 181104
24.53 182280
24.54 175812
24.55 169344
24.56 169932
24.57 162288
24.58 158172
24.59 147588
24.6 136416
24.61 134652
24.62 129360
24.63 134652
24.64 134064
24.65 133476
24.66 132888
24.67 129948
24.68 123480
24.69 121716
24.7 125832
24.71 119364
24.72 112896
24.73 115248
24.74 112308
24.75 114660
24.76 119364
24.77 121716
24.78 125244
24.79 122892
24.8 121716
24.81 124656
24.82 129948
24.83 131712
24.84 135240
24.85 138768
24.86 138768
24.87 139944
24.88 141120
24.89 138180
24.9 139356
24.91 142884
24.92 144648
24.93 146412
24.94 149940
24.95 152292
24.96 155820
24.97 156996
24.98 158760
24.99 162288
25 159348
25.01 161700
25.02 165228
25.03 161112
25.04 164052
25.05 166992
25.06 169932
25.07 170520
25.08 173460
25.09 176988
25.1 179928
25.11 181692
25.12 182280
25.13 181104
25.14 176400
25.15 177576
25.16 175224
25.17 172872
25.18 172872
25.19 168168
25.2 157584
25.21 160524
25.22 162876
25.23 165816
25.24 163464
25.25 161112
25.26 156996
25.27 149352
25.28 144648
25.29 142884
25.3 141120
25.31 134064
25.32 137592
25.33 138180
25.34 133476
25.35 124656
25.36 121716
25.37 124656
25.38 121716
25.39 122304
25.4 125832
25.41 118188
25.42 117600
25.43 118188
25.44 115836
25.45 114660
25.46 114072
25.47 114660
25.48 112308
25.49 116424
25.5 122304
25.51 123480
25.52 124656
25.53 129948
25.54 122892
25.55 125832
25.56 130536
25.57 134064
25.58 138180
25.59 135828
25.6 138768
25.61 142296
25.62 145824
25.63 148764
25.64 152880
25.65 156408
25.66 160524
25.67 161700
25.68 165228
25.69 167580
25.7 169344
25.71 172872
25.72 175224
25.73 178164
25.74 183456
25.75 180516
25.76 181692
25.77 185220
25.78 184044
25.79 187572
25.8 187572
25.81 188748
25.82 191688
25.83 194628
25.84 197568
25.85 199332
25.86 200508
25.87 193452
25.88 188748
25.89 179928
25.9 182868
25.91 182868
25.92 183456
25.93 174048
25.94 164640
25.95 149940
25.96 148764
25.97 148764
25.98 143472
25.99 143472
26 138180
26.01 139944
26.02 142296
26.03 140532
26.04 129948
26.05 131124
26.06 125244
26.07 124068
26.08 115836
26.09 116424
26.1 117600
26.11 118188
26.12 112308
26.13 114660
26.14 114660
26.15 119952
26.16 119952
26.17 123480
26.18 127596
26.19 127008
26.2 125832
26.21 129360
26.22 132300
26.23 137004
26.24 138768
26.25 142296
26.26 145824
26.27 148176
26.28 150528
26.29 152880
26.3 155820
26.31 158172
26.32 158760
26.33 162288
26.34 159348
26.35 162876
26.36 158760
26.37 159936
26.38 161700
26.39 165228
26.4 162288
26.41 165816
26.42 167580
26.43 165228
26.44 168756
26.45 170520
26.46 173460
26.47 177576
26.48 177576
26.49 180516
26.5 183456
26.51 184044
26.52 180516
26.53 177576
26.54 179340
26.55 181692
26.56 182868
26.57 181692
26.58 184044
26.59 187572
26.6 180516
26.61 183456
26.62 185220
26.63 186984
26.64 184632
26.65 168756
26.66 169932
26.67 169344
26.68 167580
26.69 164640
26.7 165816
26.71 164640
26.72 161700
26.73 162876
26.74 163464
26.75 157584
26.76 159348
26.77 158760
26.78 160524
26.79 162288
26.8 165228
26.81 162288
26.82 166404
26.83 155820
26.84 158760
26.85 158760
26.86 162288
26.87 162876
26.88 166992
26.89 166404
26.9 168756
26.91 168168
26.92 172284
26.93 171696
26.94 175224
26.95 168168
26.96 171696
26.97 169344
26.98 172872
26.99 171108
27 174048
27.01 175812
27.02 178752
27.03 180516
27.04 181692
27.05 183456
27.06 177576
27.07 172872
27.08 168756
27.09 163464
27.1 166992
27.11 165816
27.12 169344
27.13 171696
27.14 171696
27.15 172284
27.16 167580
27.17 161700
27.18 162876
27.19 160524
27.2 163464
27.21 166992
27.22 163464
27.23 162288
27.24 156408
27.25 151116
27.26 153468
27.27 155820
27.28 157584
27.29 158760
27.3 163464
27.31 163464
27.32 165816
27.33 169344
27.34 171696
27.35 174636
27.36 173460
27.37 174048
27.38 174636
27.39 176400
27.4 179340
27.41 183456
27.42 186396
27.43 185220
27.44 181104
27.45 181692
27.46 176988
27.47 176400
27.48 176400
27.49 179340
27.5 179340
27.51 179340
27.52 175224
27.53 172872
27.54 168756
27.55 161112
27.56 155232
27.57 157584
27.58 151116
27.59 145824
27.6 142884
27.61 145236
27.62 147000
27.63 147588
27.64 147588
27.65 148764
27.66 148176
27.67 151704
27.68 153468
27.69 155820
27.7 155232
27.71 158172
27.72 158760
27.73 161700
27.74 165816
27.75 167580
27.76 168168
27.77 172284
27.78 171108
27.79 173460
27.8 171696
27.81 173460
27.82 175812
27.83 178752
27.84 182868
27.85 184632
27.86 186396
27.87 184632
27.88 186984
27.89 190512
27.9 190512
27.91 190512
27.92 194040
27.93 195804
27.94 197568
27.95 192864
27.96 192276
27.97 194040
27.98 192864
27.99 195216
28 196392
28.01 199920
28.02 194628
28.03 198744
28.04 196392
28.05 191688
28.06 191688
28.07 192864
28.08 191688
28.09 188160
28.1 191688
28.11 190512
28.12 191688
28.13 185220
28.14 187572
28.15 185220
28.16 186396
28.17 188748
28.18 188160
28.19 186984
28.2 185220
28.21 185220
28.22 185808
28.23 188160
28.24 187572
28.25 188748
28.26 191100
28.27 188748
28.28 189924
28.29 190512
28.3 182868
28.31 183456
28.32 186396
28.33 178164
28.34 178164
28.35 180516
28.36 179928
28.37 179340
28.38 181104
28.39 185220
28.4 188160
28.41 185220
28.42 182868
28.43 184044
28.44 185808
28.45 174636
28.46 176400
28.47 175224
28.48 178164
28.49 177576
28.5 178164
28.51 175224
28.52 173460
28.53 169932
28.54 160524
28.55 158760
28.56 155232
28.57 156996
28.58 152292
28.59 151116
28.6 148764
28.61 147588
28.62 149940
28.63 145236
28.64 144648
28.65 145236
28.66 142884
28.67 137592
28.68 139944
28.69 136416
28.7 135240
28.71 136416
28.72 140532
28.73 141708
28.74 139356
28.75 139356
28.76 139944
28.77 142884
28.78 147000
28.79 150528
28.8 152880
28.81 155820
28.82 160524
28.83 164052
28.84 159936
28.85 162288
28.86 166404
28.87 169344
28.88 170520
28.89 172872
28.9 176988
28.91 181104
28.92 184632
28.93 187572
28.94 188748
28.95 192276
28.96 194040
28.97 194628
28.98 198744
28.99 198156
29 199332
29.01 202860
29.02 203448
29.03 204624
29.04 207564
29.05 201096
29.06 199332
29.07 202272
29.08 200508
29.09 200508
29.1 202272
29.11 196980
29.12 186984
29.13 185220
29.14 181692
29.15 178752
29.16 177576
29.17 168168
29.18 169932
29.19 163464
29.2 156408
29.21 147000
29.22 139944
29.23 139944
29.24 137004
29.25 133476
29.26 136416
29.27 137592
29.28 134652
29.29 134064
29.3 132888
29.31 128772
29.32 121128
29.33 121128
29.34 118776
29.35 120540
29.36 125832
29.37 121716
29.38 124656
29.39 128772
29.4 131124
29.41 130536
29.42 132300
29.43 136416
29.44 137592
29.45 141708
29.46 144060
29.47 145824
29.48 149940
29.49 151704
29.5 154056
29.51 158760
29.52 161112
29.53 163464
29.54 166992
29.55 169344
29.56 171108
29.57 169932
29.58 172284
29.59 172872
29.6 176988
29.61 179340
29.62 179928
29.63 181692
29.64 184044
29.65 179340
29.66 181104
29.67 178164
29.68 177576
29.69 179928
29.7 174048
29.71 172284
29.72 169932
29.73 167580
29.74 168756
29.75 167580
29.76 165228
29.77 161112
29.78 163464
29.79 154644
29.8 156996
29.81 154644
29.82 151116
29.83 145236
29.84 144648
29.85 147588
29.86 150528
29.87 141120
29.88 144648
29.89 147000
29.9 146412
29.91 137592
29.92 140532
29.93 142884
29.94 131712
29.95 135240
29.96 139944
29.97 135828
29.98 134652
29.99 132300
30 134652
30.01 137004
30.02 141120
30.03 144060
30.04 147588
30.05 152292
30.06 155820
30.07 158172
30.08 160524
30.09 161700
30.1 164640
30.11 167580
30.12 170520
30.13 171108
30.14 172284
30.15 175224
30.16 176988
30.17 177576
30.18 178752
30.19 179340
30.2 181104
30.21 184044
30.22 183456
30.23 181692
30.24 183456
30.25 184044
30.26 181104
30.27 182280
30.28 183456
30.29 181104
30.3 184632
30.31 176400
30.32 174048
30.33 167580
30.34 168168
30.35 156996
30.36 157584
30.37 155232
30.38 157584
30.39 161700
30.4 156408
30.41 154056
30.42 152292
30.43 146412
30.44 142296
30.45 139944
30.46 143472
30.47 141120
30.48 142884
30.49 147000
30.5 147000
30.51 148176
30.52 151704
30.53 154056
30.54 156408
30.55 161700
30.56 164052
30.57 166404
30.58 166404
30.59 169344
30.6 172284
30.61 173460
30.62 168756
30.63 171696
30.64 175224
30.65 177576
30.66 180516
30.67 182868
30.68 185808
30.69 188160
30.7 187572
30.71 191100
30.72 195804
30.73 197568
30.74 201096
30.75 195216
30.76 198156
30.77 201096
30.78 196980
30.79 187572
30.8 191100
30.81 191688
30.82 192864
30.83 193452
30.84 188748
30.85 191100
30.86 192864
30.87 184632
30.88 179928
30.89 181104
30.9 184632
30.91 185220
30.92 175224
30.93 175224
30.94 177576
30.95 179928
30.96 182280
30.97 183456
30.98 184632
30.99 184044
31 178752
31.01 177576
31.02 179340
31.03 181104
31.04 184632
31.05 185220
31.06 175224
31.07 179340
31.08 180516
31.09 182280
31.1 184044
31.11 178752
31.12 178752
31.13 169932
31.14 169932
31.15 168168
31.16 165816
31.17 157584
31.18 154644
31.19 151704
31.2 154056
31.21 157584
31.22 161112
31.23 164052
31.24 161112
31.25 158172
31.26 158760
31.27 161700
31.28 164640
31.29 159936
31.3 156408
31.31 156996
31.32 153468
31.33 142296
31.34 147000
31.35 147000
31.36 144648
31.37 144060
31.38 147000
31.39 146412
31.4 147000
31.41 149940
31.42 154644
31.43 158172
31.44 158172
31.45 161700
31.46 165816
31.47 162288
31.48 166404
31.49 166992
31.5 171108
31.51 173460
31.52 158760
31.53 160524
31.54 159348
31.55 161700
31.56 164052
31.57 162876
31.58 167580
31.59 168756
31.6 169932
31.61 174048
31.62 172872
31.63 175224
31.64 179340
31.65 175224
31.66 176988
31.67 179928
31.68 174048
31.69 176400
31.7 181692
31.71 182280
31.72 185220
31.73 189336
31.74 191100
31.75 186984
31.76 175812
31.77 176988
31.78 179340
31.79 182868
31.8 182868
31.81 185220
31.82 184044
31.83 175812
31.84 171108
31.85 174048
31.86 174636
31.87 175812
31.88 166992
31.89 169344
31.9 166992
31.91 168756
31.92 169344
31.93 169932
31.94 159348
31.95 161700
31.96 155232
31.97 153468
31.98 149352
31.99 151704
32 149940
32.01 151704
32.02 144648
32.03 146412
32.04 142296
32.05 138180
32.06 139944
32.07 139356
32.08 138768
32.09 140532
32.1 141120
32.11 144648
32.12 145824
32.13 149352
32.14 152880
32.15 156408
32.16 161112
32.17 162288
32.18 162876
32.19 165816
32.2 169344
32.21 170520
32.22 172284
32.23 175224
32.24 179340
32.25 179340
32.26 178164
32.27 178752
32.28 181692
32.29 182868
32.3 182280
32.31 185220
32.32 189336
32.33 191688
32.34 193452
32.35 196392
32.36 195804
32.37 191100
32.38 178752
32.39 172872
32.4 168168
32.41 170520
32.42 172872
32.43 169344
32.44 171108
32.45 165816
32.46 168756
32.47 165816
32.48 162288
32.49 166404
32.5 165228
32.51 159936
32.52 162288
32.53 164052
32.54 168168
32.55 168756
32.56 169344
32.57 170520
32.58 166992
32.59 169932
32.6 162876
32.61 164640
32.62 162876
32.63 164052
32.64 165228
32.65 164052
32.66 166992
32.67 170520
32.68 168756
32.69 168756
32.7 172872
32.71 173460
32.72 162876
32.73 165228
32.74 164640
32.75 164640
32.76 164640
32.77 154644
32.78 151704
32.79 149352
32.8 149352
32.81 152292
32.82 155232
32.83 150528
32.84 148764
32.85 141708
32.86 142884
32.87 142296
32.88 135240
32.89 137004
32.9 141120
32.91 137592
32.92 140532
32.93 138768
32.94 141708
32.95 139944
32.96 142296
32.97 145824
32.98 148764
32.99 151116
33 154644
33.01 157584
33.02 161112
33.03 155820
33.04 160524
33.05 164052
33.06 167580
33.07 168756
33.08 172284
33.09 171696
33.1 175224
33.11 178752
33.12 179928
33.13 182280
33.14 184044
33.15 186396
33.16 188160
33.17 189336
33.18 184632
33.19 186984
33.2 189924
33.21 184044
33.22 186396
33.23 189924
33.24 184632
33.25 183456
33.26 179928
33.27 176400
33.28 178164
33.29 178164
33.3 171696
33.31 165816
33.32 165816
33.33 151116
33.34 151704
33.35 155820
33.36 157584
33.37 162288
33.38 158172
33.39 158172
33.4 159348
33.41 158172
33.42 161112
33.43 162288
33.44 166404
33.45 169932
33.46 165228
33.47 160524
33.48 158760
33.49 161700
33.5 164640
33.51 162876
33.52 165228
33.53 169932
33.54 165816
33.55 163464
33.56 166404
33.57 158760
33.58 159936
33.59 154644
33.6 155232
33.61 159348
33.62 159936
33.63 164052
33.64 166404
33.65 167580
33.66 172284
33.67 174636
33.68 176988
33.69 179340
33.7 184632
33.71 186396
33.72 189336
33.73 182868
33.74 184044
33.75 181104
33.76 181104
33.77 182868
33.78 182868
33.79 182280
33.8 182868
33.81 184632
33.82 182868
33.83 185808
33.84 184044
33.85 185808
33.86 184044
33.87 185220
33.88 184044
33.89 182280
33.9 179340
33.91 181692
33.92 178752
33.93 181104
33.94 178164
33.95 164052
33.96 166992
33.97 169344
33.98 161112
33.99 159936
34 156996
34.01 158760
34.02 155820
34.03 148764
34.04 151704
34.05 156408
34.06 158172
34.07 154644
34.08 158172
34.09 160524
34.1 158172
34.11 151116
34.12 154056
34.13 159348
34.14 158172
34.15 161700
34.16 164052
34.17 163464
34.18 165816
34.19 168756
34.2 171108
34.21 175224
34.22 176988
34.23 179928
34.24 184044
34.25 186984
34.26 188748
34.27 191100
34.28 194628
34.29 197568
34.3 200508
34.31 193452
34.32 196392
34.33 198156
34.34 194628
34.35 196980
34.36 196980
34.37 200508
34.38 195216
34.39 196392
34.4 191688
34.41 194040
34.42 194628
34.43 189924
34.44 191100
34.45 194628
34.46 191688
34.47 190512
34.48 185220
34.49 182868
34.5 186396
34.51 188748
34.52 179928
34.53 174636
34.54 175812
34.55 174048
34.56 168756
34.57 164052
34.58 166404
34.59 169932
34.6 168756
34.61 155232
34.62 159348
34.63 155232
34.64 151116
34.65 152292
34.66 154056
34.67 152880
34.68 156408
34.69 159936
34.7 163464
34.71 152880
34.72 149352
34.73 153468
34.74 149940
34.75 149352
34.76 149352
34.77 145236
34.78 148176
34.79 145824
34.8 149352
34.81 151704
34.82 150528
34.83 154644
34.84 156408
34.85 161112
34.86 164052
34.87 163464
34.88 167580
34.89 167580
34.9 167580
34.91 171696
34.92 174048
34.93 177576
34.94 179928
34.95 179340
34.96 181692
34.97 185220
34.98 184044
34.99 182868
35 185808
35.01 186984
35.02 191100
35.03 193452
35.04 189924
35.05 183456
35.06 186396
35.07 171696
35.08 172872
35.09 174636
35.1 176988
35.11 175224
35.12 164052
35.13 158760
35.14 159348
35.15 158760
35.16 152880
35.17 151704
35.18 144648
35.19 144648
35.2 142884
35.21 148764
35.22 152292
35.23 155232
35.24 155820
35.25 156408
35.26 150528
35.27 148764
35.28 146412
35.29 142884
35.3 147000
35.31 149352
35.32 152880
35.33 154644
35.34 154644
35.35 151704
35.36 154056
35.37 154644
35.38 158760
35.39 161700
35.4 163464
35.41 165228
35.42 167580
35.43 171696
35.44 174636
35.45 171696
35.46 172284
35.47 174636
35.48 165228
35.49 160524
35.5 162876
35.51 164052
35.52 164640
35.53 169344
35.54 168756
35.55 170520
35.56 171696
35.57 171696
35.58 171696
35.59 166992
35.6 162288
35.61 165228
35.62 160524
35.63 159348
35.64 162876
35.65 165816
35.66 165816
35.67 168756
35.68 171108
35.69 172872
35.7 173460
35.71 172872
35.72 170520
35.73 171696
35.74 169344
35.75 172872
35.76 174048
35.77 175224
35.78 175224
35.79 178752
35.8 177576
35.81 179928
35.82 181104
35.83 180516
35.84 174048
35.85 166404
35.86 161700
35.87 161112
35.88 162288
35.89 162288
35.9 154644
35.91 148764
35.92 151704
35.93 152880
35.94 155820
35.95 160524
35.96 162288
35.97 156996
35.98 147588
35.99 145824
36 142884
36.01 145824
36.02 145236
36.03 149352
36.04 152880
36.05 153468
36.06 153468
36.07 155820
36.08 157584
36.09 156408
36.1 155232
36.11 159348
36.12 162876
36.13 165228
36.14 168168
36.15 171108
36.16 173460
36.17 175812
36.18 180516
36.19 179340
36.2 183456
36.21 186984
36.22 188748
36.23 182868
36.24 184632
36.25 182868
36.26 185220
36.27 186984
36.28 189336
36.29 179928
36.3 181692
36.31 178752
36.32 175224
36.33 172284
36.34 165228
36.35 168168
36.36 165228
36.37 167580
36.38 166992
36.39 159348
36.4 151116
36.41 130536
36.42 125832
36.43 128184
36.44 125244
36.45 127596
36.46 114072
36.47 108780
36.48 110544
36.49 108192
36.5 105840
36.51 102312
36.52 101724
36.53 105252
36.54 103488
36.55 105840
36.56 108192
36.57 113484
36.58 110544
36.59 110544
36.6 106428
36.61 111132
36.62 112308
36.63 111132
36.64 112308
36.65 114660
36.66 117012
36.67 118776
36.68 121716
36.69 120540
36.7 124656
36.71 126420
36.72 122892
36.73 118776
36.74 122892
36.75 124068
36.76 127596
36.77 131712
36.78 135240
36.79 134652
36.8 131712
36.81 134652
36.82 137592
36.83 142296
36.84 144648
36.85 148764
36.86 152292
36.87 154056
36.88 157584
36.89 160524
36.9 162288
36.91 165228
36.92 169344
36.93 171108
36.94 169932
36.95 174048
36.96 174636
36.97 177576
36.98 180516
36.99 182868
37 182280
37.01 184044
37.02 179340
37.03 182280
37.04 185808
37.05 188160
37.06 184044
37.07 186396
37.08 183456
37.09 181104
37.1 181104
37.11 183456
37.12 182280
37.13 172872
37.14 173460
37.15 173460
37.16 171696
37.17 169344
37.18 159348
37.19 159936
37.2 162288
37.21 159348
37.22 158172
37.23 154056
37.24 141708
37.25 141708
37.26 145236
37.27 145236
37.28 142884
37.29 146412
37.3 134652
37.31 131712
37.32 132300
37.33 130536
37.34 125832
37.35 122892
37.36 127008
37.37 129360
37.38 129360
37.39 129948
37.4 128772
37.41 128772
37.42 132300
37.43 136416
37.44 137592
37.45 142296
37.46 145236
37.47 148764
37.48 152880
37.49 155820
37.5 158760
37.51 162288
37.52 163464
37.53 162876
37.54 166404
37.55 169344
37.56 169932
37.57 174048
37.58 175224
37.59 177576
37.6 170520
37.61 168168
37.62 171108
37.63 175224
37.64 177576
37.65 177576
37.66 177576
37.67 179928
37.68 177576
37.69 180516
37.7 182280
37.71 185808
37.72 184044
37.73 181104
37.74 180516
37.75 176400
37.76 164052
37.77 164640
37.78 167580
37.79 162288
37.8 164052
37.81 165816
37.82 165228
37.83 168168
37.84 164640
37.85 165816
37.86 164640
37.87 160524
37.88 164052
37.89 164640
37.9 165816
37.91 165228
37.92 168168
37.93 171108
37.94 174048
37.95 176988
37.96 178164
37.97 181104
37.98 182280
37.99 181692
38 174048
38.01 170520
38.02 172872
38.03 176400
38.04 178752
38.05 180516
38.06 175224
38.07 179340
38.08 178164
38.09 172284
38.1 172284
38.11 168756
38.12 166404
38.13 159936
38.14 156996
38.15 159348
38.16 156408
38.17 151116
38.18 151704
38.19 153468
38.2 152292
38.21 153468
38.22 152292
38.23 146412
38.24 148764
38.25 145824
38.26 147588
38.27 144648
38.28 147588
38.29 141120
38.3 142884
38.31 146412
38.32 147000
38.33 149352
38.34 152880
38.35 156408
38.36 159348
38.37 159348
38.38 162288
38.39 162876
38.4 161700
38.41 164052
38.42 167580
38.43 169932
38.44 173460
38.45 176400
38.46 180516
38.47 179928
38.48 174048
38.49 174048
38.5 175812
38.51 178164
38.52 177576
38.53 181104
38.54 183456
38.55 177576
38.56 180516
38.57 185220
38.58 182868
38.59 184632
38.6 181104
38.61 183456
38.62 185220
38.63 188160
38.64 190512
38.65 194040
38.66 192864
38.67 188160
38.68 189924
38.69 184632
38.7 178164
38.71 174636
38.72 171108
38.73 173460
38.74 169344
38.75 172872
38.76 174048
38.77 172284
38.78 166992
38.79 159936
38.8 156996
38.81 155232
38.82 156996
38.83 160524
38.84 154056
38.85 154056
38.86 154644
38.87 151704
38.88 143472
38.89 141708
38.9 144060
38.91 144060
38.92 139356
38.93 143472
38.94 138768
38.95 130536
38.96 132888
38.97 134652
38.98 137004
38.99 142296
39 138768
39.01 141708
39.02 141708
39.03 145236
39.04 148764
39.05 151116
39.06 154056
39.07 158760
39.08 160524
39.09 163464
39.1 168168
39.11 169344
39.12 165228
39.13 168756
39.14 171696
39.15 173460
39.16 176988
39.17 178752
39.18 180516
39.19 184044
39.2 182280
39.21 184632
39.22 186396
39.23 189336
39.24 192276
39.25 195216
39.26 192864
39.27 195804
39.28 191100
39.29 189336
39.3 185220
39.31 188160
39.32 186984
39.33 188748
39.34 189336
39.35 188748
39.36 189336
39.37 175224
39.38 175224
39.39 174048
39.4 177576
39.41 178752
39.42 171108
39.43 174048
39.44 169932
39.45 173460
39.46 175812
39.47 176988
39.48 171108
39.49 174636
39.5 172284
39.51 169344
39.52 169932
39.53 172284
39.54 175224
39.55 176988
39.56 179340
39.57 182280
39.58 180516
39.59 175224
39.6 172284
39.61 166992
39.62 166992
39.63 164640
39.64 164640
39.65 166992
39.66 168756
39.67 163464
39.68 162288
39.69 155232
39.7 147588
39.71 148176
39.72 148176
39.73 150528
39.74 141708
39.75 143472
39.76 139944
39.77 138768
39.78 144060
39.79 146412
39.8 149940
39.81 153468
39.82 151116
39.83 151704
39.84 156408
39.85 159936
39.86 162876
39.87 166992
39.88 168756
39.89 171696
39.9 174636
39.91 178164
39.92 179340
39.93 185220
39.94 187572
39.95 190512
39.96 193452
39.97 194040
39.98 194040
39.99 197568
40 199332
40.01 199332
40.02 203448
40.03 205212
40.04 208740
40.05 210504
40.06 209328
40.07 210504
40.08 214032
40.09 207564
40.1 205212
40.11 209916
40.12 211680
40.13 213444
40.14 214620
40.15 203448
40.16 202860
40.17 204624
40.18 205800
40.19 201096
40.2 205212
40.21 201684
40.22 201684
40.23 202272
40.24 199332
40.25 192864
40.26 190512
40.27 192864
40.28 191688
40.29 193452
40.3 189336
40.31 188748
40.32 189336
40.33 192276
40.34 181692
40.35 182868
40.36 182280
40.37 187572
40.38 188160
40.39 190512
40.4 194040
40.41 183456
40.42 185808
40.43 179928
40.44 178752
40.45 173460
40.46 172284
40.47 174636
40.48 164640
40.49 163464
40.5 163464
40.51 166992
40.52 169932
40.53 168756
40.54 171108
40.55 166992
40.56 168168
40.57 166992
40.58 162876
40.59 155232
40.6 157584
40.61 156996
40.62 148764
40.63 150528
40.64 152880
40.65 155820
40.66 158760
40.67 162876
40.68 159936
40.69 156996
40.7 161112
40.71 161700
40.72 164640
40.73 169344
40.74 170520
40.75 173460
40.76 177576
40.77 178752
40.78 182868
40.79 185220
40.8 188748
40.81 191688
40.82 193452
40.83 195216
40.84 197568
40.85 198156
40.86 201096
40.87 205212
40.88 206976
40.89 209328
40.9 211092
40.91 209328
40.92 205800
40.93 208152
40.94 195216
40.95 193452
40.96 196980
40.97 194040
40.98 195216
40.99 196980
41 192276
41.01 189336
41.02 180516
41.03 176988
41.04 177576
41.05 180516
41.06 178752
41.07 177576
41.08 175812
41.09 174636
41.1 168168
41.11 166992
41.12 170520
41.13 170520
41.14 163464
41.15 158172
41.16 156408
41.17 154056
41.18 151116
41.19 144648
41.2 148176
41.21 144060
41.22 139944
41.23 136416
41.24 126420
41.25 129360
41.26 130536
41.27 125832
41.28 129948
41.29 132888
41.3 128184
41.31 124656
41.32 127008
41.33 124656
41.34 129948
41.35 134064
41.36 138180
41.37 137004
41.38 140532
41.39 140532
41.4 139356
41.41 142296
41.42 147000
41.43 150528
41.44 154644
41.45 157584
41.46 159348
41.47 159348
41.48 158172
41.49 161112
41.5 164640
41.51 167580
41.52 171696
41.53 174048
41.54 176400
41.55 178752
41.56 178752
41.57 178164
41.58 181104
41.59 183456
41.6 186396
41.61 189924
41.62 192276
41.63 194628
41.64 193452
41.65 186984
41.66 189336
41.67 189924
41.68 192276
41.69 188160
41.7 185808
41.71 182868
41.72 175224
41.73 166992
41.74 161700
41.75 155820
41.76 158760
41.77 158172
41.78 159348
41.79 162876
41.8 162876
41.81 153468
41.82 148764
41.83 147000
41.84 149352
41.85 152880
41.86 152880
41.87 151116
41.88 145824
41.89 143472
41.9 144648
41.91 149352
41.92 152292
41.93 154644
41.94 154644
41.95 156996
41.96 159936
41.97 161112
41.98 165228
41.99 168168
42 171108
42.01 172284
42.02 172284
42.03 174636
42.04 172284
42.05 175812
42.06 176988
42.07 179928
42.08 182280
42.09 184044
42.1 182280
42.11 185808
42.12 186396
42.13 185808
42.14 183456
42.15 183456
42.16 182280
42.17 181692
42.18 172872
42.19 172284
42.2 171696
42.21 172284
42.22 170520
42.23 164052
42.24 165816
42.25 164640
42.26 164640
42.27 166404
42.28 165228
42.29 156408
42.3 156996
42.31 149940
42.32 147588
42.33 150528
42.34 149352
42.35 152880
42.36 155820
42.37 151116
42.38 148176
42.39 144648
42.4 147588
42.41 151116
42.42 150528
42.43 152880
42.44 150528
42.45 151704
42.46 153468
42.47 159348
42.48 158760
42.49 161700
42.5 161700
42.51 164052
42.52 164052
42.53 168756
42.54 168756
42.55 169344
42.56 168168
42.57 168756
42.58 171108
42.59 166404
42.6 165228
42.61 166992
42.62 166992
42.63 172872
42.64 175224
42.65 172284
42.66 174636
42.67 172872
42.68 175224
42.69 176400
42.7 172872
42.71 163464
42.72 166992
42.73 162876
42.74 161700
42.75 153468
42.76 149940
42.77 152292
42.78 150528
42.79 154644
42.8 155232
42.81 149940
42.82 148764
42.83 135828
42.84 138180
42.85 138180
42.86 140532
42.87 142884
42.88 148176
42.89 150528
42.9 151704
42.91 152292
42.92 152292
42.93 149352
42.94 152292
42.95 156408
42.96 160524
42.97 164052
42.98 167580
42.99 168756
43 168756
43.01 166404
43.02 168756
43.03 173460
43.04 176400
43.05 178752
43.06 178164
43.07 175812
43.08 174048
43.09 175812
43.1 177576
43.11 182280
43.12 184044
43.13 187572
43.14 186396
43.15 177576
43.16 156996
43.17 149352
43.18 146412
43.19 149352
43.2 151704
43.21 151704
43.22 149940
43.23 145824
43.24 147000
43.25 137592
43.26 140532
43.27 143472
43.28 147000
43.29 150528
43.3 152292
43.31 146412
43.32 139356
43.33 141708
43.34 144060
43.35 147000
43.36 145824
43.37 148176
43.38 152292
43.39 154644
43.4 159936
43.41 162876
43.42 165228
43.43 167580
43.44 169344
43.45 168756
43.46 171108
43.47 173460
43.48 176400
43.49 174636
43.5 170520
43.51 171696
43.52 173460
43.53 176400
43.54 175224
43.55 171696
43.56 173460
43.57 172872
43.58 175224
43.59 178164
43.6 180516
43.61 181104
43.62 173460
43.63 165228
43.64 154644
43.65 150528
43.66 149352
43.67 150528
43.68 150528
43.69 144648
43.7 137592
43.71 137592
43.72 131712
43.73 130536
43.74 128772
43.75 120540
43.76 119952
43.77 119364
43.78 121128
43.79 115248
43.8 121128
43.81 121716
43.82 121716
43.83 116424
43.84 119952
43.85 122304
43.86 124656
43.87 129948
43.88 134652
43.89 138180
43.9 136416
43.91 139944
43.92 137004
43.93 141120
43.94 142296
43.95 145824
43.96 149940
43.97 153468
43.98 154056
43.99 156996
44 159936
44.01 164052
44.02 165816
44.03 169344
44.04 171696
44.05 174636
44.06 177576
44.07 178164
44.08 181104
44.09 183456
44.1 180516
44.11 185808
44.12 183456
44.13 185220
44.14 184044
44.15 186396
44.16 188160
44.17 188748
44.18 186984
44.19 187572
44.2 178752
44.21 181104
44.22 178752
44.23 178752
44.24 173460
44.25 171696
44.26 168168
44.27 166992
44.28 170520
44.29 170520
44.3 165816
44.31 153468
44.32 149352
44.33 148176
44.34 146412
44.35 148176
44.36 152292
44.37 156408
44.38 154056
44.39 151704
44.4 148176
44.41 141120
44.42 135240
44.43 120540
44.44 124068
44.45 128184
44.46 122304
44.47 125832
44.48 128184
44.49 129948
44.5 133476
44.51 136416
44.52 140532
44.53 144648
44.54 148176
44.55 149940
44.56 151116
44.57 154644
44.58 157584
44.59 160524
44.6 161112
44.61 165816
44.62 169932
44.63 169344
44.64 169932
44.65 172284
44.66 169932
44.67 170520
44.68 172284
44.69 174048
44.7 172872
44.71 164640
44.72 164640
44.73 167580
44.74 169932
44.75 171108
44.76 174636
44.77 177576
44.78 176400
44.79 174048
44.8 172872
44.81 172872
44.82 174636
44.83 174636
44.84 170520
44.85 170520
44.86 169932
44.87 169344
44.88 168756
44.89 166404
44.9 169344
44.91 173460
44.92 171108
44.93 170520
44.94 170520
44.95 174048
44.96 174636
44.97 177576
44.98 174636
44.99 176400
45 176400
45.01 178164
45.02 175224
45.03 173460
45.04 166992
45.05 168168
45.06 171108
45.07 173460
45.08 175812
45.09 178164
45.1 174636
45.11 168168
45.12 168168
45.13 168756
45.14 171108
45.15 173460
45.16 166404
45.17 161700
45.18 158760
45.19 158760
45.2 159348
45.21 161112
45.22 152880
45.23 155820
45.24 154644
45.25 145236
45.26 144648
45.27 148764
45.28 145824
45.29 142296
45.3 141708
45.31 142296
45.32 145824
45.33 151116
45.34 153468
45.35 155232
45.36 161112
45.37 163464
45.38 162876
45.39 161700
45.4 164640
45.41 167580
45.42 170520
45.43 172284
45.44 175812
45.45 178752
45.46 181104
45.47 178752
45.48 183456
45.49 185220
45.5 188160
45.51 182868
45.52 184632
45.53 186984
45.54 187572
45.55 188748
45.56 186396
45.57 189336
45.58 183456
45.59 181692
45.6 184632
45.61 184044
45.62 183456
45.63 175224
45.64 175812
45.65 177576
45.66 169344
45.67 164052
45.68 164052
45.69 159936
45.7 163464
45.71 154644
45.72 147588
45.73 141120
45.74 144648
45.75 139944
45.76 133476
45.77 131124
45.78 127596
45.79 116424
45.8 112308
45.81 109956
45.82 98196
45.83 99960
45.84 98784
45.85 99960
45.86 99372
45.87 100548
45.88 98784
45.89 101724
45.9 105252
45.91 104076
45.92 105252
45.93 108780
45.94 104664
45.95 102312
45.96 102312
45.97 107016
45.98 109956
45.99 109956
46 108192
46.01 103488
46.02 105252
46.03 107604
46.04 112308
46.05 112896
46.06 111132
46.07 115248
46.08 115836
46.09 118776
46.1 121716
46.11 125832
46.12 126420
46.13 125244
46.14 127596
46.15 131124
46.16 135240
46.17 138180
46.18 141120
46.19 145236
46.2 139356
46.21 138768
46.22 142296
46.23 144060
46.24 145824
46.25 139356
46.26 142884
46.27 145824
46.28 149940
46.29 145824
46.3 148764
46.31 152880
46.32 155820
46.33 159936
46.34 162288
46.35 165816
46.36 168756
46.37 171108
46.38 171108
46.39 173460
46.4 163464
46.41 166404
46.42 168168
46.43 171108
46.44 174636
46.45 177576
46.46 169932
46.47 171108
46.48 169344
46.49 169932
46.5 171696
46.51 173460
46.52 174048
46.53 171696
46.54 167580
46.55 169344
46.56 162288
46.57 166992
46.58 164640
46.59 156408
46.6 158172
46.61 160524
46.62 156408
46.63 154056
46.64 149940
46.65 147588
46.66 139944
46.67 141708
46.68 128772
46.69 123480
46.7 118188
46.71 119364
46.72 116424
46.73 116424
46.74 118776
46.75 118188
46.76 112896
46.77 115248
46.78 119952
46.79 114660
46.8 115836
46.81 119952
46.82 121716
46.83 121716
46.84 125244
46.85 129360
46.86 130536
46.87 135828
46.88 135240
46.89 139356
46.9 142296
46.91 144060
46.92 145824
46.93 148764
46.94 153468
46.95 152880
46.96 152292
46.97 154644
46.98 158760
46.99 155820
47 158760
47.01 162876
47.02 166992
47.03 168168
47.04 172284
47.05 171108
47.06 171696
47.07 173460
47.08 175224
47.09 177576
47.1 179928
47.11 181692
47.12 183456
47.13 182868
47.14 178164
47.15 178164
47.16 181692
47.17 183456
47.18 185220
47.19 185808
47.2 184044
47.21 183456
47.22 176988
47.23 171696
47.24 169932
47.25 170520
47.26 164640
47.27 156996
47.28 160524
47.29 157584
47.3 159348
47.31 158172
47.32 158172
47.33 155232
47.34 157584
47.35 160524
47.36 164052
47.37 164640
47.38 161112
47.39 157584
47.4 148764
47.41 146412
47.42 148176
47.43 149940
47.44 153468
47.45 156996
47.46 159936
47.47 161112
47.48 164640
47.49 168168
47.5 167580
47.51 169344
47.52 169344
47.53 168756
47.54 172284
47.55 174048
47.56 176988
47.57 176988
47.58 178752
47.59 179928
47.6 175812
47.61 173460
47.62 176400
47.63 176400
47.64 178752
47.65 179340
47.66 179340
47.67 181104
47.68 170520
47.69 170520
47.7 164052
47.71 159348
47.72 159348
47.73 154644
47.74 148176
47.75 149940
47.76 147000
47.77 141120
47.78 144060
47.79 137004
47.8 132888
47.81 123480
47.82 123480
47.83 123480
47.84 120540
47.85 119364
47.86 120540
47.87 117012
47.88 119364
47.89 122892
47.9 123480
47.91 125244
47.92 129948
47.93 134652
47.94 132300
47.95 135828
47.96 140532
47.97 142296
47.98 144648
47.99 148764
48 152880
48.01 149352
48.02 153468
48.03 156408
48.04 159936
48.05 156996
48.06 158172
48.07 162288
48.08 165228
48.09 168756
48.1 172284
48.11 174048
48.12 176988
48.13 175812
48.14 172872
48.15 175812
48.16 179928
48.17 184044
48.18 186984
48.19 186984
48.2 189924
48.21 189336
48.22 186984
48.23 188748
48.24 192276
48.25 195804
48.26 197568
48.27 196980
48.28 195804
48.29 198744
48.3 199920
48.31 202272
48.32 204036
48.33 206976
48.34 210504
48.35 209916
48.36 201684
48.37 195804
48.38 198156
48.39 194628
48.4 191688
48.41 193452
48.42 196392
48.43 199332
48.44 195804
48.45 193452
48.46 196392
48.47 198156
48.48 196980
48.49 198744
48.5 196392
48.51 198744
48.52 195804
48.53 186396
48.54 183456
48.55 186396
48.56 178752
48.57 180516
48.58 180516
48.59 171696
48.6 172872
48.61 171108
48.62 165816
48.63 160524
48.64 156996
48.65 155232
48.66 145236
48.67 140532
48.68 139944
48.69 135240
48.7 134064
48.71 136416
48.72 135828
48.73 138768
48.74 131124
48.75 135828
48.76 131712
48.77 129948
48.78 134652
48.79 137592
48.8 138768
48.81 142884
48.82 144060
48.83 146412
48.84 149940
48.85 152292
48.86 156408
48.87 160524
48.88 162876
48.89 165816
48.9 169932
48.91 169344
48.92 168756
48.93 172284
48.94 175812
48.95 177576
48.96 175224
48.97 178164
48.98 181692
48.99 183456
49 174636
49.01 170520
49.02 172284
49.03 172872
49.04 173460
49.05 176988
49.06 178164
49.07 176400
49.08 180516
49.09 169932
49.1 166404
49.11 168168
49.12 165228
49.13 168168
49.14 169932
49.15 171696
49.16 173460
49.17 177576
49.18 165228
49.19 160524
49.2 155820
49.21 157584
49.22 155820
49.23 154056
49.24 148764
49.25 149352
49.26 149940
49.27 150528
49.28 153468
49.29 153468
49.3 146412
49.31 145824
49.32 144648
49.33 145236
49.34 149352
49.35 151704
49.36 154056
49.37 153468
49.38 155232
49.39 152292
49.4 155232
49.41 158172
49.42 159348
49.43 161700
49.44 164052
49.45 166992
49.46 169932
49.47 169932
49.48 169344
49.49 172872
49.5 172872
49.51 176400
49.52 178752
49.53 179340
49.54 184044
49.55 185808
49.56 184632
49.57 182868
49.58 186396
49.59 188748
49.6 191100
49.61 194628
49.62 192276
49.63 181104
49.64 178752
49.65 169344
49.66 167580
49.67 171108
49.68 167580
49.69 169932
49.7 166992
49.71 158172
49.72 152292
49.73 147588
49.74 143472
49.75 145824
49.76 149352
49.77 141708
49.78 143472
49.79 144648
49.8 144648
49.81 138768
49.82 125832
49.83 123480
49.84 126420
49.85 122892
49.86 118188
49.87 121716
49.88 121716
49.89 125244
49.9 123480
49.91 125832
49.92 129360
49.93 132300
49.94 134064
49.95 136416
49.96 140532
49.97 144060
49.98 145236
49.99 146412
