0.01 0
0.02 0
0.03 0
0.04 0
0.05 0
0.06 0
0.07 0
0.08 0
0.09 0
0.1 0
0.11 0
0.12 0
0.13 0
0.14 0
0.15 14112
0.16 46452
0.17 0
0.18 0
0.19 1176
0.2 57624
0.21 109956
0.22 161112
0.23 196980
0.24 231672
0.25 268128
0.26 306348
0.27 343392
0.28 380436
0.29 415128
0.3 456288
0.31 482748
0.32 488628
0.33 485100
0.34 481572
0.35 479808
0.36 479220
0.37 485688
0.38 483924
0.39 481572
0.4 483924
0.41 475104
0.42 493920
0.43 499212
0.44 498624
0.45 479808
0.46 458640
0.47 432768
0.48 409836
0.49 384552
0.5 353388
0.51 328692
0.52 303996
0.53 279888
0.54 254016
0.55 232260
0.56 220500
0.57 202272
0.58 181104
0.59 161700
0.6 153468
0.61 144060
0.62 129360
0.63 125244
0.64 115836
0.65 102900
0.66 85848
0.67 75852
0.68 64680
0.69 56448
0.7 52332
0.71 42336
0.72 29400
0.73 22344
0.74 13524
0.75 12936
0.76 4116
0.77 2940
0.78 4704
0.79 3528
0.8 7056
0.81 9996
0.82 12936
0.83 17640
0.84 19404
0.85 22344
0.86 27636
0.87 29988
0.88 33516
0.89 38220
0.9 42924
0.91 47040
0.92 51156
0.93 56448
0.94 60564
0.95 64092
0.96 69384
0.97 72912
0.98 77028
0.99 80556
1 84084
1.01 87024
1.02 89964
1.03 91140
1.04 94080
1.05 97608
1.06 100548
1.07 104664
1.08 107604
1.09 107016
1.1 107604
1.11 109956
1.12 112308
1.13 115836
1.14 119952
1.15 118776
1.16 109956
1.17 103488
1.18 105252
1.19 108780
1.2 111132
1.21 114660
1.22 112896
1.23 114072
1.24 111720
1.25 111720
1.26 108192
1.27 108780
1.28 111132
1.29 107604
1.3 106428
1.31 108780
1.32 99372
1.33 95256
1.34 93492
1.35 94668
1.36 98196
1.37 99372
1.38 98196
1.39 92316
1.4 97608
1.41 95844
1.42 92316
1.43 87612
1.44 79968
1.45 77616
1.46 70560
1.47 75852
1.48 77616
1.49 76440
1.5 79380
1.51 81144
1.52 89376
1.53 83496
1.54 75852
1.55 72912
1.56 63504
1.57 65268
1.58 58800
1.59 67620
1.6 74088
1.61 82320
1.62 86436
1.63 98196
1.64 104664
1.65 112896
1.66 119952
1.67 119952
1.68 121128
1.69 129948
1.7 140532
1.71 139944
1.72 147000
1.73 152880
1.74 158760
1.75 162876
1.76 168168
1.77 174636
1.78 176400
1.79 178164
1.8 179928
1.81 185220
1.82 188748
1.83 191100
1.84 192864
1.85 198744
1.86 204036
1.87 207564
1.88 212268
1.89 211092
1.9 212856
1.91 215208
1.92 218148
1.93 220500
1.94 221676
1.95 225204
1.96 221088
1.97 219912
1.98 216384
1.99 216972
2 215796
2.01 214620
2.02 199332
2.03 198744
2.04 196392
2.05 199332
2.06 195216
2.07 194040
2.08 189924
2.09 181104
2.1 182280
2.11 175224
2.12 174636
2.13 172872
2.14 171108
2.15 168756
2.16 168756
2.17 166992
2.18 167580
2.19 170520
2.2 164052
2.21 164640
2.22 163464
2.23 166404
2.24 164052
2.25 162876
2.26 152880
2.27 155232
2.28 158760
2.29 161700
2.3 158760
2.31 160524
2.32 156996
2.33 157584
2.34 155232
2.35 156408
2.36 159936
2.37 164052
2.38 163464
2.39 168756
2.4 169344
2.41 171696
2.42 176400
2.43 179928
2.44 179928
2.45 181692
2.46 184632
2.47 189336
2.48 192276
2.49 194040
2.5 197568
2.51 203448
2.52 204036
2.53 209328
2.54 209328
2.55 206388
2.56 203448
2.57 207564
2.58 212268
2.59 212856
2.6 211092
2.61 206976
2.62 206388
2.63 203448
2.64 205800
2.65 206388
2.66 206388
2.67 205212
2.68 202860
2.69 205212
2.7 202860
2.71 205212
2.72 205212
2.73 196980
2.74 191100
2.75 189336
2.76 190512
2.77 193452
2.78 186984
2.79 186396
2.8 186984
2.81 184632
2.82 179340
2.83 179928
2.84 176400
2.85 171108
2.86 170520
2.87 161700
2.88 164640
2.89 158760
2.9 157584
2.91 158172
2.92 152292
2.93 142884
2.94 145236
2.95 147000
2.96 135240
2.97 138180
2.98 135828
2.99 133476
3 132888
3.01 129948
3.02 130536
3.03 129948
3.04 131124
3.05 134064
3.06 137592
3.07 138180
3.08 144060
3.09 151116
3.1 154644
3.11 153468
3.12 149940
3.13 152880
3.14 158172
3.15 159348
3.16 167580
3.17 174048
3.18 175224
3.19 172872
3.2 170520
3.21 173460
3.22 174048
3.23 177576
3.24 181104
3.25 186984
3.26 186984
3.27 183456
3.28 184632
3.29 187572
3.3 191100
3.31 189336
3.32 192276
3.33 189924
3.34 194628
3.35 187572
3.36 188748
3.37 181104
3.38 178752
3.39 174636
3.4 171696
3.41 169932
3.42 163464
3.43 156996
3.44 150528
3.45 148176
3.46 144060
3.47 141708
3.48 139356
3.49 134652
3.5 132888
3.51 134652
3.52 135240
3.53 137004
3.54 140532
3.55 138180
3.56 129948
3.57 134064
3.58 132300
3.59 137004
3.6 142296
3.61 140532
3.62 142884
3.63 148176
3.64 149352
3.65 150528
3.66 155820
3.67 158172
3.68 162288
3.69 165228
3.7 164052
3.71 164640
3.72 166404
3.73 171108
3.74 172872
3.75 166992
3.76 171108
3.77 175224
3.78 170520
3.79 172872
3.8 173460
3.81 178752
3.82 179340
3.83 173460
3.84 174636
3.85 178164
3.86 181104
3.87 175224
3.88 173460
3.89 171108
3.9 172872
3.91 177576
3.92 165816
3.93 164640
3.94 168168
3.95 166404
3.96 168756
3.97 169344
3.98 165228
3.99 157584
4 157584
4.01 158172
4.02 164052
4.03 162876
4.04 159936
4.05 158760
4.06 160524
4.07 161700
4.08 162288
4.09 165228
4.1 168756
4.11 169344
4.12 171696
4.13 174636
4.14 178752
4.15 178752
4.16 174636
4.17 180516
4.18 184044
4.19 180516
4.2 185808
4.21 185220
4.22 188160
4.23 186984
4.24 185808
4.25 186396
4.26 187572
4.27 179340
4.28 176400
4.29 179340
4.3 171108
4.31 164052
4.32 163464
4.33 158760
4.34 159936
4.35 156408
4.36 151116
4.37 155820
4.38 147000
4.39 138768
4.4 134064
4.41 133476
4.42 132300
4.43 131124
4.44 124068
4.45 119952
4.46 120540
4.47 118188
4.48 122304
4.49 123480
4.5 125244
4.51 123480
4.52 111720
4.53 111132
4.54 109956
4.55 114660
4.56 118188
4.57 117012
4.58 109368
4.59 112896
4.6 115248
4.61 120540
4.62 127008
4.63 130536
4.64 132888
4.65 135240
4.66 136416
4.67 139356
4.68 145824
4.69 146412
4.7 149940
4.71 155232
4.72 160524
4.73 156996
4.74 164052
4.75 165228
4.76 166404
4.77 171696
4.78 168168
4.79 171696
4.8 172284
4.81 169932
4.82 175812
4.83 171108
4.84 172872
4.85 167580
4.86 166992
4.87 166404
4.88 170520
4.89 168756
4.9 169932
4.91 174048
4.92 166404
4.93 166992
4.94 165816
4.95 161700
4.96 161700
4.97 159348
4.98 157584
4.99 153468
5 150528
5.01 144648
5.02 137592
5.03 136416
5.04 139944
5.05 135240
5.06 133476
5.07 131712
5.08 122892
5.09 125244
5.1 123480
5.11 123480
5.12 130536
5.13 131712
5.14 134064
5.15 137592
5.16 141708
5.17 142296
5.18 142296
5.19 141708
5.2 147000
5.21 148764
5.22 148764
5.23 151116
5.24 157584
5.25 162288
5.26 163464
5.27 166404
5.28 167580
5.29 167580
5.3 169932
5.31 169932
5.32 172284
5.33 172872
5.34 176400
5.35 178164
5.36 179928
5.37 185808
5.38 185808
5.39 189336
5.4 190512
5.41 195216
5.42 195804
5.43 196392
5.44 196392
5.45 198156
5.46 193452
5.47 191688
5.48 188748
5.49 182280
5.5 184632
5.51 175224
5.52 164640
5.53 162288
5.54 156408
5.55 145824
5.56 140532
5.57 130536
5.58 134652
5.59 137004
5.6 128772
5.61 122892
5.62 117600
5.63 111132
5.64 104664
5.65 102900
5.66 104076
5.67 99372
5.68 94668
5.69 99960
5.7 104664
5.71 108192
5.72 110544
5.73 112896
5.74 116424
5.75 118188
5.76 123480
5.77 124068
5.78 131712
5.79 136416
5.8 141708
5.81 145236
5.82 148176
5.83 152880
5.84 155232
5.85 160524
5.86 165228
5.87 168756
5.88 169344
5.89 174048
5.9 174636
5.91 177576
5.92 175812
5.93 178164
5.94 176988
5.95 175224
5.96 175224
5.97 176400
5.98 172872
5.99 176400
6 172872
6.01 169932
6.02 168168
6.03 169932
6.04 166992
6.05 155820
6.06 160524
6.07 161700
6.08 150528
6.09 148176
6.1 152292
6.11 144060
6.12 145824
6.13 145824
6.14 141708
6.15 142884
6.16 138180
6.17 135240
6.18 134064
6.19 127596
6.2 133476
6.21 129948
6.22 132888
6.23 135828
6.24 138768
6.25 144060
6.26 141120
6.27 144060
6.28 144648
6.29 144060
6.3 146412
6.31 150528
6.32 156408
6.33 162288
6.34 164052
6.35 166992
6.36 168756
6.37 168168
6.38 168756
6.39 167580
6.4 171108
6.41 174048
6.42 172284
6.43 175224
6.44 173460
6.45 176988
6.46 175224
6.47 178752
6.48 184044
6.49 179340
6.5 175812
6.51 174636
6.52 172284
6.53 163464
6.54 166404
6.55 165228
6.56 164052
6.57 158172
6.58 160524
6.59 154644
6.6 149940
6.61 148176
6.62 154644
6.63 156996
6.64 159936
6.65 162876
6.66 163464
6.67 164640
6.68 160524
6.69 156996
6.7 156996
6.71 164052
6.72 167580
6.73 169932
6.74 174048
6.75 173460
6.76 176988
6.77 174048
6.78 176400
6.79 181104
6.8 182280
6.81 182868
6.82 179928
6.83 182868
6.84 185808
6.85 184632
6.86 186396
6.87 187572
6.88 188748
6.89 182868
6.9 178164
6.91 176988
6.92 170520
6.93 162288
6.94 159936
6.95 152880
6.96 156996
6.97 143472
6.98 138180
6.99 128184
7 117600
7.01 117600
7.02 114660
7.03 115836
7.04 117012
7.05 115836
7.06 116424
7.07 120540
7.08 119364
7.09 123480
7.1 129360
7.11 131712
7.12 137004
7.13 142884
7.14 148176
7.15 152292
7.16 158172
7.17 165228
7.18 171696
7.19 174048
7.2 167580
7.21 168756
7.22 172284
7.23 176400
7.24 180516
7.25 183456
7.26 183456
7.27 187572
7.28 188748
7.29 190512
7.3 195216
7.31 198744
7.32 201096
7.33 202860
7.34 202860
7.35 201684
7.36 198156
7.37 192864
7.38 192276
7.39 193452
7.4 189336
7.41 194040
7.42 194628
7.43 188748
7.44 186396
7.45 175224
7.46 166404
7.47 166992
7.48 165816
7.49 160524
7.5 161700
7.51 157584
7.52 151704
7.53 145824
7.54 149940
7.55 151116
7.56 145824
7.57 145824
7.58 143472
7.59 138180
7.6 139356
7.61 132888
7.62 138768
7.63 137592
7.64 137004
7.65 141120
7.66 145236
7.67 146412
7.68 148176
7.69 148176
7.7 155232
7.71 153468
7.72 153468
7.73 156408
7.74 156408
7.75 160524
7.76 164640
7.77 165228
7.78 168756
7.79 161700
7.8 161700
7.81 162288
7.82 164052
7.83 166992
7.84 171696
7.85 172872
7.86 176988
7.87 175224
7.88 179340
7.89 180516
7.9 175224
7.91 177576
7.92 181692
7.93 180516
7.94 183456
7.95 179928
7.96 176988
7.97 180516
7.98 176988
7.99 178164
8 179340
8.01 179928
8.02 173460
8.03 166404
8.04 165816
8.05 162288
8.06 155820
8.07 151704
8.08 142884
8.09 141120
8.1 135828
8.11 131712
8.12 131124
8.13 130536
8.14 125832
8.15 121716
8.16 120540
8.17 120540
8.18 120540
8.19 120540
8.2 122892
8.21 124656
8.22 122892
8.23 124656
8.24 128184
8.25 127008
8.26 128772
8.27 135240
8.28 137592
8.29 142884
8.3 144060
8.31 145824
8.32 141120
8.33 145824
8.34 146412
8.35 150528
8.36 151704
8.37 155820
8.38 159348
8.39 162876
8.4 158760
8.41 160524
8.42 165228
8.43 169344
8.44 165816
8.45 165816
8.46 161112
8.47 162288
8.48 166992
8.49 170520
8.5 175812
8.51 178752
8.52 178752
8.53 185220
8.54 189336
8.55 186396
8.56 189336
8.57 193452
8.58 191688
8.59 192864
8.6 186396
8.61 186984
8.62 179340
8.63 181692
8.64 181692
8.65 184632
8.66 183456
8.67 179340
8.68 175812
8.69 175224
8.7 172872
8.71 168756
8.72 160524
8.73 162876
8.74 160524
8.75 154644
8.76 150528
8.77 145236
8.78 138768
8.79 136416
8.8 132888
8.81 135240
8.82 131712
8.83 131124
8.84 133476
8.85 131712
8.86 134652
8.87 132888
8.88 137592
8.89 142296
8.9 145824
8.91 145824
8.92 147000
8.93 148764
8.94 151704
8.95 158760
8.96 164052
8.97 159936
8.98 161700
8.99 161700
9 162876
9.01 163464
9.02 168168
9.03 172284
9.04 172284
9.05 174636
9.06 172284
9.07 174048
9.08 176400
9.09 178164
9.1 180516
9.11 178164
9.12 176988
9.13 176988
9.14 177576
9.15 172284
9.16 173460
9.17 175812
9.18 178164
9.19 172284
9.2 166992
9.21 161112
9.22 155232
9.23 150528
9.24 150528
9.25 145824
9.26 144060
9.27 135240
9.28 130536
9.29 128772
9.3 128772
9.31 129948
9.32 128772
9.33 126420
9.34 124068
9.35 129948
9.36 132888
9.37 137592
9.38 139944
9.39 144060
9.4 147588
9.41 147000
9.42 141708
9.43 147588
9.44 149940
9.45 148176
9.46 154644
9.47 155820
9.48 161700
9.49 166404
9.5 169344
9.51 174048
9.52 172872
9.53 169344
9.54 172872
9.55 170520
9.56 172284
9.57 171108
9.58 171108
9.59 175812
9.6 172872
9.61 166404
9.62 169344
9.63 167580
9.64 169344
9.65 166992
9.66 167580
9.67 165816
9.68 163464
9.69 160524
9.7 155232
9.71 152292
9.72 149940
9.73 144648
9.74 144060
9.75 141120
9.76 140532
9.77 138180
9.78 131124
9.79 127008
9.8 127596
9.81 121128
9.82 126420
9.83 129360
9.84 131124
9.85 134652
9.86 135828
9.87 139944
9.88 145236
9.89 144648
9.9 152292
9.91 154056
9.92 154644
9.93 160524
9.94 162288
9.95 166404
9.96 170520
9.97 174636
9.98 180516
9.99 175224
10 178752
10.01 181692
10.02 185808
10.03 179340
10.04 182868
10.05 183456
10.06 183456
10.07 183456
10.08 184044
10.09 182868
10.1 184632
10.11 187572
10.12 189924
10.13 187572
10.14 181692
10.15 179928
10.16 178164
10.17 174636
10.18 164052
10.19 161112
10.2 155820
10.21 155820
10.22 150528
10.23 146412
10.24 140532
10.25 137004
10.26 138768
10.27 134652
10.28 133476
10.29 131712
10.3 132888
10.31 132888
10.32 121128
10.33 124068
10.34 127008
10.35 125832
10.36 129948
10.37 127596
10.38 128184
10.39 132300
10.4 138180
10.41 141708
10.42 147000
10.43 145824
10.44 145824
10.45 151116
10.46 156408
10.47 162288
10.48 164052
10.49 166404
10.5 171108
10.51 174048
10.52 179928
10.53 181692
10.54 178164
10.55 181692
10.56 186984
10.57 178752
10.58 178752
10.59 176988
10.6 176400
10.61 177576
10.62 172284
10.63 176400
10.64 179928
10.65 179340
10.66 175224
10.67 167580
10.68 162288
10.69 156996
10.7 157584
10.71 156408
10.72 154056
10.73 155232
10.74 149352
10.75 151704
10.76 150528
10.77 145236
10.78 148176
10.79 147588
10.8 148176
10.81 140532
10.82 141120
10.83 138768
10.84 143472
10.85 138768
10.86 141708
10.87 142296
10.88 147000
10.89 151704
10.9 156408
10.91 160524
10.92 165816
10.93 167580
10.94 170520
10.95 171108
10.96 176988
10.97 176988
10.98 182280
10.99 187572
11 182280
11.01 189924
11.02 192276
11.03 196980
11.04 198156
11.05 202272
11.06 206388
11.07 210504
11.08 207564
11.09 205212
11.1 206976
11.11 205212
11.12 203448
11.13 202272
11.14 204036
11.15 206976
11.16 207564
11.17 204624
11.18 202272
11.19 201096
11.2 204036
11.21 200508
11.22 198744
11.23 201096
11.24 201684
11.25 199332
11.26 200508
11.27 194040
11.28 187572
11.29 191100
11.3 191688
11.31 186396
11.32 187572
11.33 189924
11.34 178752
11.35 174636
11.36 168168
11.37 168756
11.38 160524
11.39 162288
11.4 164052
11.41 161112
11.42 158760
11.43 158172
11.44 159936
11.45 162876
11.46 155232
11.47 154644
11.48 157584
11.49 151116
11.5 144060
11.51 145824
11.52 149352
11.53 155232
11.54 160524
11.55 164052
11.56 166404
11.57 169932
11.58 175224
11.59 174636
11.6 178752
11.61 179928
11.62 181104
11.63 181692
11.64 184632
11.65 182280
11.66 184044
11.67 185808
11.68 186396
11.69 187572
11.7 187572
11.71 192276
11.72 192864
11.73 191100
11.74 187572
11.75 184044
11.76 182280
11.77 182280
11.78 175224
11.79 173460
11.8 170520
11.81 165228
11.82 166404
11.83 160524
11.84 165228
11.85 162288
11.86 159936
11.87 154644
11.88 158760
11.89 154644
11.9 152292
11.91 152292
11.92 153468
11.93 153468
11.94 148176
11.95 150528
11.96 155820
11.97 158172
11.98 159348
11.99 162288
12 165228
12.01 170520
12.02 171108
12.03 173460
12.04 174048
12.05 175224
12.06 177576
12.07 181692
12.08 187572
12.09 182868
12.1 181692
12.11 185220
12.12 183456
12.13 179928
12.14 179928
12.15 176988
12.16 177576
12.17 177576
12.18 175812
12.19 171696
12.2 168168
12.21 163464
12.22 158172
12.23 154056
12.24 156996
12.25 155820
12.26 158760
12.27 156408
12.28 152880
12.29 151704
12.3 149352
12.31 145824
12.32 147588
12.33 135240
12.34 140532
12.35 142296
12.36 147000
12.37 147000
12.38 151704
12.39 139944
12.4 143472
12.41 149352
12.42 150528
12.43 155820
12.44 161700
12.45 161700
12.46 164640
12.47 169344
12.48 171696
12.49 172284
12.5 172872
12.51 175224
12.52 178752
12.53 183456
12.54 179928
12.55 182868
12.56 183456
12.57 185220
12.58 181104
12.59 185808
12.6 184632
12.61 186984
12.62 188748
12.63 188160
12.64 188748
12.65 189924
12.66 181104
12.67 183456
12.68 175224
12.69 174048
12.7 177576
12.71 178752
12.72 178164
12.73 172284
12.74 168168
12.75 160524
12.76 161700
12.77 161112
12.78 164052
12.79 169932
12.8 163464
12.81 160524
12.82 163464
12.83 162876
12.84 165816
12.85 165816
12.86 167580
12.87 159348
12.88 158760
12.89 159936
12.9 158172
12.91 163464
12.92 163464
12.93 167580
12.94 169932
12.95 165228
12.96 166992
12.97 171108
12.98 168756
12.99 169344
13 174048
13.01 176988
13.02 178164
13.03 179928
13.04 179928
13.05 180516
13.06 182280
13.07 181104
13.08 182280
13.09 183456
13.1 172872
13.11 168168
13.12 167580
13.13 168756
13.14 167580
13.15 164640
13.16 164640
13.17 161700
13.18 158172
13.19 156408
13.2 152292
13.21 152880
13.22 151704
13.23 153468
13.24 147588
13.25 134652
13.26 127596
13.27 124656
13.28 121716
13.29 128184
13.3 126420
13.31 125244
13.32 128184
13.33 132300
13.34 139356
13.35 142884
13.36 145236
13.37 150528
13.38 155820
13.39 159348
13.4 164640
13.41 169932
13.42 172284
13.43 173460
13.44 176988
13.45 179340
13.46 184044
13.47 185220
13.48 188160
13.49 186396
13.5 192276
13.51 194040
13.52 192864
13.53 195216
13.54 194040
13.55 196980
13.56 199920
13.57 202272
13.58 204624
13.59 205212
13.6 201684
13.61 197568
13.62 192864
13.63 186984
13.64 189336
13.65 193452
13.66 192864
13.67 192276
13.68 191688
13.69 191100
13.7 190512
13.71 188160
13.72 182868
13.73 180516
13.74 176988
13.75 176400
13.76 178752
13.77 178752
13.78 176988
13.79 176988
13.8 172872
13.81 169932
13.82 166404
13.83 166992
13.84 164640
13.85 162876
13.86 161112
13.87 159936
13.88 161112
13.89 158172
13.9 156408
13.91 161700
13.92 162288
13.93 159936
13.94 159348
13.95 156408
13.96 149940
13.97 149352
13.98 148764
13.99 149940
14 152292
14.01 153468
14.02 152292
14.03 158172
14.04 161112
14.05 162288
14.06 170520
14.07 171108
14.08 172284
14.09 173460
14.1 179340
14.11 182280
14.12 184632
14.13 188160
14.14 195216
14.15 196980
14.16 196980
14.17 199920
14.18 205212
14.19 204036
14.2 202272
14.21 208152
14.22 208740
14.23 211092
14.24 209328
14.25 204036
14.26 199332
14.27 198744
14.28 195216
14.29 192864
14.3 192864
14.31 189336
14.32 191688
14.33 188748
14.34 194040
14.35 189336
14.36 181104
14.37 181104
14.38 174048
14.39 169932
14.4 159936
14.41 155820
14.42 149352
14.43 153468
14.44 151116
14.45 142296
14.46 144060
14.47 141708
14.48 137592
14.49 139356
14.5 138768
14.51 143472
14.52 142884
14.53 142296
14.54 140532
14.55 138180
14.56 141120
14.57 141120
14.58 145824
14.59 149352
14.6 149352
14.61 152292
14.62 154644
14.63 155820
14.64 159348
14.65 164052
14.66 168168
14.67 166404
14.68 169344
14.69 171108
14.7 172872
14.71 174048
14.72 171108
14.73 163464
14.74 159348
14.75 157584
14.76 161700
14.77 161700
14.78 155820
14.79 152292
14.8 158172
14.81 156408
14.82 159348
14.83 151116
14.84 152292
14.85 149352
14.86 146412
14.87 144648
14.88 147000
14.89 138768
14.9 140532
14.91 141708
14.92 141708
14.93 143472
14.94 142296
14.95 147588
14.96 152292
14.97 157584
14.98 157584
14.99 160524
15 166992
15.01 168168
15.02 169344
15.03 173460
15.04 176988
15.05 181692
15.06 184632
15.07 186396
15.08 188748
15.09 195216
15.1 198744
15.11 201096
15.12 205800
15.13 207564
15.14 205800
15.15 206976
15.16 207564
15.17 209328
15.18 208740
15.19 211092
15.2 208740
15.21 209328
15.22 202860
15.23 195804
15.24 189336
15.25 182280
15.26 179928
15.27 176400
15.28 178752
15.29 179340
15.3 176988
15.31 176400
15.32 172284
15.33 165816
15.34 162876
15.35 161112
15.36 165228
15.37 166404
15.38 160524
15.39 164052
15.4 158172
15.41 157584
15.42 160524
15.43 158172
15.44 157584
15.45 156996
15.46 149352
15.47 149940
15.48 151704
15.49 157584
15.5 155232
15.51 161700
15.52 163464
15.53 160524
15.54 165228
15.55 168756
15.56 167580
15.57 172284
15.58 170520
15.59 171108
15.6 171696
15.61 174636
15.62 182280
15.63 178752
15.64 182280
15.65 182280
15.66 182868
15.67 184044
15.68 184632
15.69 186984
15.7 189336
15.71 191688
15.72 185808
15.73 184044
15.74 187572
15.75 178752
15.76 181104
15.77 176400
15.78 169344
15.79 171696
15.8 165228
15.81 161112
15.82 160524
15.83 162288
15.84 156408
15.85 155232
15.86 147000
15.87 146412
15.88 147000
15.89 148764
15.9 151116
15.91 145824
15.92 146412
15.93 149940
15.94 145824
15.95 145824
15.96 138768
15.97 143472
15.98 145824
15.99 149940
16 139944
16.01 140532
16.02 141120
16.03 143472
16.04 149940
16.05 155232
16.06 158172
16.07 164052
16.08 165228
16.09 166992
16.1 170520
16.11 167580
16.12 170520
16.13 173460
16.14 175224
16.15 176400
16.16 177576
16.17 178752
16.18 177576
16.19 175224
16.2 176400
16.21 179340
16.22 182280
16.23 183456
16.24 187572
16.25 189336
16.26 184044
16.27 184044
16.28 179928
16.29 172284
16.3 171108
16.31 165228
16.32 167580
16.33 172872
16.34 166992
16.35 168168
16.36 159936
16.37 154644
16.38 149940
16.39 145236
16.4 144060
16.41 147588
16.42 144648
16.43 139944
16.44 139944
16.45 141708
16.46 137592
16.47 133476
16.48 129360
16.49 128772
16.5 122304
16.51 121716
16.52 117600
16.53 121128
16.54 125832
16.55 125244
16.56 128184
16.57 129360
16.58 129360
16.59 135240
16.6 141708
16.61 143472
16.62 148176
16.63 151704
16.64 150528
16.65 154644
16.66 161112
16.67 167580
16.68 171108
16.69 171108
16.7 175812
16.71 177576
16.72 179340
16.73 183456
16.74 188748
16.75 192864
16.76 190512
16.77 182280
16.78 181104
16.79 179340
16.8 178752
16.81 176988
16.82 182868
16.83 185220
16.84 186396
16.85 184632
16.86 175224
16.87 175812
16.88 170520
16.89 167580
16.9 164052
16.91 166404
16.92 160524
16.93 159348
16.94 148764
16.95 149352
16.96 133476
16.97 125832
16.98 132300
16.99 130536
17 122892
17.01 123480
17.02 115836
17.03 115248
17.04 118776
17.05 121128
17.06 124068
17.07 128184
17.08 127596
17.09 127596
17.1 130536
17.11 134652
17.12 139944
17.13 144060
17.14 145236
17.15 149940
17.16 151704
17.17 158172
17.18 159936
17.19 165228
17.2 166404
17.21 166992
17.22 164052
17.23 166992
17.24 170520
17.25 176400
17.26 176988
17.27 181692
17.28 186396
17.29 182868
17.3 182868
17.31 185808
17.32 186396
17.33 186984
17.34 186984
17.35 188748
17.36 188160
17.37 191688
17.38 181692
17.39 178752
17.4 172284
17.41 171696
17.42 172284
17.43 166404
17.44 166404
17.45 167580
17.46 159936
17.47 155820
17.48 151704
17.49 151116
17.5 150528
17.51 149352
17.52 146412
17.53 146412
17.54 144648
17.55 140532
17.56 143472
17.57 141120
17.58 139944
17.59 142884
17.6 137592
17.61 135240
17.62 128772
17.63 133476
17.64 136416
17.65 139356
17.66 145236
17.67 150528
17.68 151704
17.69 157584
17.7 162288
17.71 164640
17.72 165228
17.73 169932
17.74 173460
17.75 174636
17.76 173460
17.77 171108
17.78 172872
17.79 171696
17.8 174048
17.81 173460
17.82 173460
17.83 175812
17.84 176988
17.85 177576
17.86 176988
17.87 178752
17.88 176400
17.89 172872
17.9 171108
17.91 168168
17.92 165228
17.93 160524
17.94 158172
17.95 155232
17.96 142884
17.97 144648
17.98 142296
17.99 140532
18 140532
18.01 138180
18.02 131712
18.03 124656
18.04 126420
18.05 124068
18.06 115248
18.07 113484
18.08 112896
18.09 106428
18.1 107016
18.11 112308
18.12 117600
18.13 122892
18.14 122892
18.15 111720
18.16 110544
18.17 114072
18.18 117600
18.19 119364
18.2 123480
18.21 122892
18.22 120540
18.23 121128
18.24 122304
18.25 125832
18.26 125832
18.27 128772
18.28 135240
18.29 135240
18.3 136416
18.31 134652
18.32 137004
18.33 141120
18.34 144060
18.35 147000
18.36 149940
18.37 156996
18.38 159348
18.39 159936
18.4 164052
18.41 162288
18.42 167580
18.43 169932
18.44 174636
18.45 180516
18.46 186984
18.47 185808
18.48 186984
18.49 185808
18.5 185220
18.51 187572
18.52 189336
18.53 190512
18.54 192276
18.55 191688
18.56 184044
18.57 177576
18.58 178164
18.59 176400
18.6 169344
18.61 163464
18.62 164640
18.63 156408
18.64 154644
18.65 152292
18.66 156408
18.67 156408
18.68 147000
18.69 135240
18.7 125832
18.71 121716
18.72 118776
18.73 117600
18.74 112896
18.75 111720
18.76 109956
18.77 105252
18.78 101724
18.79 102900
18.8 103488
18.81 99372
18.82 103488
18.83 102312
18.84 107016
18.85 105252
18.86 109368
18.87 107016
18.88 114660
18.89 116424
18.9 118776
18.91 118776
18.92 124656
18.93 129948
18.94 134064
18.95 135828
18.96 140532
18.97 146412
18.98 144648
18.99 144648
19 145236
19.01 144648
19.02 151116
19.03 154644
19.04 158760
19.05 162288
19.06 164640
19.07 168756
19.08 169344
19.09 169932
19.1 171696
19.11 165228
19.12 163464
19.13 166992
19.14 169932
19.15 170520
19.16 171108
19.17 172284
19.18 171108
19.19 172872
19.2 159348
19.21 159936
19.22 164052
19.23 166404
19.24 160524
19.25 159348
19.26 153468
19.27 147000
19.28 148764
19.29 148176
19.3 151116
19.31 146412
19.32 143472
19.33 144060
19.34 142296
19.35 139944
19.36 139944
19.37 135828
19.38 135240
19.39 135240
19.4 132300
19.41 131712
19.42 131712
19.43 133476
19.44 131124
19.45 132300
19.46 135828
19.47 137592
19.48 138180
19.49 141120
19.5 145824
19.51 151116
19.52 151704
19.53 148176
19.54 146412
19.55 147000
19.56 144060
19.57 148764
19.58 155232
19.59 158172
19.6 161700
19.61 164640
19.62 163464
19.63 168168
19.64 167580
19.65 166404
19.66 171108
19.67 171696
19.68 174636
19.69 169932
19.7 172872
19.71 173460
19.72 175224
19.73 173460
19.74 175224
19.75 174636
19.76 173460
19.77 174636
19.78 174636
19.79 176400
19.8 173460
19.81 172872
19.82 169344
19.83 168756
19.84 159348
19.85 155232
19.86 143472
19.87 143472
19.88 142884
19.89 146412
19.9 142884
19.91 137004
19.92 138180
19.93 135828
19.94 132300
19.95 134064
19.96 124068
19.97 122892
19.98 124656
19.99 119952
20 121128
20.01 125832
20.02 132888
20.03 135240
20.04 131712
20.05 134064
20.06 137592
20.07 142884
20.08 147000
20.09 149352
20.1 149940
20.11 157584
20.12 157584
20.13 158760
20.14 157584
20.15 162288
20.16 166404
20.17 169344
20.18 167580
20.19 169932
20.2 171108
20.21 174048
20.22 176400
20.23 175812
20.24 178164
20.25 177576
20.26 176988
20.27 176988
20.28 178752
20.29 179928
20.3 179928
20.31 183456
20.32 183456
20.33 178164
20.34 174636
20.35 171108
20.36 166404
20.37 166404
20.38 160524
20.39 157584
20.4 152880
20.41 149940
20.42 141708
20.43 138180
20.44 131712
20.45 134064
20.46 131124
20.47 128772
20.48 122304
20.49 122304
20.5 115836
20.51 112308
20.52 111720
20.53 116424
20.54 123480
20.55 128772
20.56 132300
20.57 132300
20.58 139944
20.59 137592
20.6 144648
20.61 148176
20.62 153468
20.63 158760
20.64 162288
20.65 165228
20.66 167580
20.67 172284
20.68 171696
20.69 176400
20.7 181104
20.71 184044
20.72 181692
20.73 181104
20.74 183456
20.75 189336
20.76 187572
20.77 188748
20.78 188748
20.79 192864
20.8 190512
20.81 181692
20.82 181692
20.83 184632
20.84 185220
20.85 179928
20.86 180516
20.87 177576
20.88 170520
20.89 166404
20.9 164640
20.91 161700
20.92 154644
20.93 154056
20.94 146412
20.95 143472
20.96 141708
20.97 137592
20.98 131712
20.99 128772
21 128772
21.01 127008
21.02 126420
21.03 119364
21.04 117600
21.05 119952
21.06 122304
21.07 124068
21.08 128772
21.09 127596
21.1 131124
21.11 131712
21.12 136416
21.13 139356
21.14 139944
21.15 141708
21.16 142296
21.17 146412
21.18 148176
21.19 151116
21.2 156996
21.21 161112
21.22 166404
21.23 170520
21.24 176400
21.25 177576
21.26 182280
21.27 183456
21.28 187572
21.29 188160
21.3 188160
21.31 189924
21.32 187572
21.33 189336
21.34 188748
21.35 188160
21.36 179928
21.37 180516
21.38 184632
21.39 179928
21.4 172872
21.41 177576
21.42 175224
21.43 169932
21.44 164052
21.45 162876
21.46 164640
21.47 159936
21.48 149940
21.49 148176
21.5 145824
21.51 135240
21.52 124656
21.53 118188
21.54 121716
21.55 115836
21.56 113484
21.57 111720
21.58 112896
21.59 105252
21.6 108780
21.61 115248
21.62 119364
21.63 118776
21.64 124068
21.65 128772
21.66 131712
21.67 136416
21.68 138768
21.69 144648
21.7 149352
21.71 152292
21.72 156996
21.73 164052
21.74 168756
21.75 172872
21.76 178752
21.77 179928
21.78 182868
21.79 185808
21.8 188748
21.81 191100
21.82 195216
21.83 198744
21.84 198744
21.85 199332
21.86 200508
21.87 201684
21.88 200508
21.89 201096
21.9 200508
21.91 199332
21.92 199920
21.93 197568
21.94 187572
21.95 184044
21.96 182280
21.97 179340
21.98 169932
21.99 166404
22 160524
22.01 160524
22.02 161700
22.03 155232
22.04 152292
22.05 150528
22.06 147588
22.07 142296
22.08 144648
22.09 148764
22.1 144060
22.11 147000
22.12 142884
22.13 143472
22.14 138768
22.15 142296
22.16 145824
22.17 151704
22.18 147588
22.19 152880
22.2 151704
22.21 156996
22.22 161112
22.23 166992
22.24 169344
22.25 174048
22.26 173460
22.27 177576
22.28 178752
22.29 182868
22.3 186396
22.31 189924
22.32 194040
22.33 194628
22.34 194628
22.35 199920
22.36 202272
22.37 205212
22.38 211092
22.39 212856
22.4 216384
22.41 216972
22.42 219324
22.43 219912
22.44 222852
22.45 223440
22.46 222852
22.47 225792
22.48 225204
22.49 217560
22.5 207564
22.51 205212
22.52 201684
22.53 200508
22.54 198156
22.55 199920
22.56 196392
22.57 193452
22.58 189336
22.59 185808
22.6 185220
22.61 182868
22.62 182280
22.63 179340
22.64 175224
22.65 176400
22.66 174636
22.67 169932
22.68 171696
22.69 165816
22.7 164640
22.71 166404
22.72 162288
22.73 164640
22.74 161112
22.75 164052
22.76 159936
22.77 155232
22.78 154056
22.79 154644
22.8 154644
22.81 155232
22.82 158760
22.83 160524
22.84 157584
22.85 156408
22.86 157584
22.87 156996
22.88 164640
22.89 169344
22.9 167580
22.91 171108
22.92 174048
22.93 178164
22.94 179928
22.95 181692
22.96 182868
22.97 185220
22.98 187572
22.99 189924
23 186984
23.01 192864
23.02 185220
23.03 189336
23.04 183456
23.05 178164
23.06 178752
23.07 170520
23.08 165816
23.09 169932
23.1 171696
23.11 168756
23.12 168168
23.13 165228
23.14 162288
23.15 158760
23.16 159936
23.17 159936
23.18 165816
23.19 165228
23.2 161700
23.21 160524
23.22 155820
23.23 149352
23.24 154056
23.25 159348
23.26 161112
23.27 162288
23.28 159936
23.29 158172
23.3 163464
23.31 168168
23.32 172284
23.33 174048
23.34 175224
23.35 178164
23.36 181692
23.37 184044
23.38 188160
23.39 188160
23.4 189336
23.41 189924
23.42 191100
23.43 192864
23.44 193452
23.45 194628
23.46 195804
23.47 197568
23.48 198156
23.49 195216
23.5 191100
23.51 182280
23.52 178164
23.53 174636
23.54 159936
23.55 160524
23.56 160524
23.57 162876
23.58 156996
23.59 147588
23.6 142296
23.61 135828
23.62 138768
23.63 134652
23.64 132888
23.65 134064
23.66 127596
23.67 122892
23.68 116424
23.69 117012
23.7 112896
23.71 111132
23.72 107016
23.73 113484
23.74 114660
23.75 117600
23.76 121128
23.77 125832
23.78 129360
23.79 130536
23.8 131712
23.81 132300
23.82 137592
23.83 139944
23.84 145236
23.85 147588
23.86 151704
23.87 154056
23.88 157584
23.89 161112
23.9 165816
23.91 166992
23.92 172284
23.93 173460
23.94 176400
23.95 172284
23.96 175812
23.97 176988
23.98 181104
23.99 178752
24 179340
24.01 174636
24.02 172284
24.03 168168
24.04 167580
24.05 162288
24.06 161700
24.07 159936
24.08 160524
24.09 159348
24.1 161112
24.11 154644
24.12 154644
24.13 147000
24.14 139944
24.15 135828
24.16 131712
24.17 117600
24.18 117012
24.19 118188
24.2 107604
24.21 105840
24.22 109956
24.23 112896
24.24 112896
24.25 115248
24.26 120540
24.27 125832
24.28 125244
24.29 130536
24.3 133476
24.31 136416
24.32 135828
24.33 140532
24.34 143472
24.35 147000
24.36 151116
24.37 154056
24.38 156408
24.39 161112
24.4 165228
24.41 169932
24.42 174636
24.43 177576
24.44 172872
24.45 179340
24.46 182868
24.47 183456
24.48 184044
24.49 187572
24.5 192276
24.51 195216
24.52 196392
24.53 200508
24.54 205212
24.55 206388
24.56 205212
24.57 209328
24.58 212856
24.59 212856
24.6 200508
24.61 201096
24.62 204624
24.63 204036
24.64 195216
24.65 197568
24.66 195804
24.67 189924
24.68 186984
24.69 182280
24.7 184044
24.71 181692
24.72 181692
24.73 178164
24.74 174636
24.75 169932
24.76 168168
24.77 157584
24.78 155820
24.79 154056
24.8 155820
24.81 152292
24.82 143472
24.83 144060
24.84 137004
24.85 140532
24.86 144060
24.87 138180
24.88 139356
24.89 137004
24.9 137004
24.91 137004
24.92 135240
24.93 137592
24.94 141708
24.95 147588
24.96 151116
24.97 152880
24.98 150528
24.99 153468
25 159348
25.01 163464
25.02 166404
25.03 171696
25.04 171696
25.05 174636
25.06 174048
25.07 178164
25.08 176988
25.09 179340
25.1 184044
25.11 181692
25.12 182280
25.13 185808
25.14 182868
25.15 184632
25.16 189924
25.17 189924
25.18 192276
25.19 190512
25.2 185220
25.21 178164
25.22 181692
25.23 179928
25.24 184044
25.25 182280
25.26 178752
25.27 177576
25.28 168168
25.29 155820
25.3 154056
25.31 153468
25.32 150528
25.33 154056
25.34 152880
25.35 151116
25.36 142884
25.37 141708
25.38 141120
25.39 147588
25.4 146412
25.41 148764
25.42 150528
25.43 147000
25.44 147000
25.45 152880
25.46 157584
25.47 162876
25.48 167580
25.49 163464
25.5 166992
25.51 169344
25.52 167580
25.53 169344
25.54 175224
25.55 175224
25.56 176400
25.57 174048
25.58 176988
25.59 174636
25.6 172284
25.61 174048
25.62 175812
25.63 173460
25.64 176400
25.65 176400
25.66 176400
25.67 175812
25.68 171696
25.69 172284
25.7 166992
25.71 165228
25.72 158760
25.73 162876
25.74 155232
25.75 154056
25.76 152292
25.77 152880
25.78 149352
25.79 147000
25.8 148764
25.81 150528
25.82 147588
25.83 144060
25.84 146412
25.85 149940
25.86 150528
25.87 147588
25.88 151704
25.89 155820
25.9 159348
25.91 159936
25.92 159348
25.93 162288
25.94 165816
25.95 164640
25.96 165816
25.97 164640
25.98 170520
25.99 172872
26 176988
26.01 179928
26.02 181692
26.03 183456
26.04 188748
26.05 188160
26.06 188160
26.07 186984
26.08 186984
26.09 188748
26.1 185808
26.11 186984
26.12 190512
26.13 192276
26.14 185220
26.15 185220
26.16 182868
26.17 179928
26.18 174048
26.19 178752
26.2 172872
26.21 174048
26.22 171696
26.23 168168
26.24 161112
26.25 162876
26.26 154644
26.27 154056
26.28 153468
26.29 150528
26.3 143472
26.31 144060
26.32 140532
26.33 141708
26.34 137592
26.35 137592
26.36 136416
26.37 132888
26.38 136416
26.39 135828
26.4 141120
26.41 145236
26.42 146412
26.43 145236
26.44 149940
26.45 152292
26.46 156996
26.47 152880
26.48 158760
26.49 162288
26.5 165816
26.51 169344
26.52 172284
26.53 174048
26.54 177576
26.55 178752
26.56 180516
26.57 181104
26.58 182868
26.59 186396
26.6 185220
26.61 186984
26.62 188160
26.63 188748
26.64 194040
26.65 196392
26.66 192276
26.67 188748
26.68 189336
26.69 189336
26.7 183456
26.71 179928
26.72 166404
26.73 163464
26.74 155232
26.75 154644
26.76 154644
26.77 154644
26.78 151704
26.79 143472
26.8 139944
26.81 141708
26.82 142884
26.83 145236
26.84 141120
26.85 145236
26.86 142296
26.87 142884
26.88 141120
26.89 147000
26.9 143472
26.91 144060
26.92 148176
26.93 148764
26.94 153468
26.95 154056
26.96 158172
26.97 161112
26.98 157584
26.99 159936
27 166992
27.01 173460
27.02 175812
27.03 177576
27.04 183456
27.05 185220
27.06 186396
27.07 186984
27.08 186396
27.09 190512
27.1 194040
27.11 192276
27.12 192864
27.13 198156
27.14 191688
27.15 190512
27.16 193452
27.17 198156
27.18 194040
27.19 193452
27.2 189924
27.21 191688
27.22 193452
27.23 187572
27.24 185220
27.25 183456
27.26 181692
27.27 179340
27.28 178752
27.29 166992
27.3 165816
27.31 164052
27.32 163464
27.33 165816
27.34 161112
27.35 158172
27.36 155820
27.37 155820
27.38 159348
27.39 156996
27.4 160524
27.41 162288
27.42 156408
27.43 154056
27.44 152880
27.45 154644
27.46 157584
27.47 156996
27.48 162876
27.49 168168
27.5 169344
27.51 169932
27.52 173460
27.53 175224
27.54 171696
27.55 168756
27.56 172872
27.57 176400
27.58 172872
27.59 172872
27.6 174048
27.61 174048
27.62 170520
27.63 172284
27.64 172284
27.65 175224
27.66 173460
27.67 171696
27.68 161112
27.69 158172
27.7 158760
27.71 158172
27.72 154056
27.73 148176
27.74 144060
27.75 144060
27.76 138768
27.77 137004
27.78 137592
27.79 138768
27.8 142296
27.81 146412
27.82 137592
27.83 134652
27.84 134064
27.85 132300
27.86 135240
27.87 139944
27.88 137004
27.89 137592
27.9 142296
27.91 141120
27.92 143472
27.93 150528
27.94 154056
27.95 152880
27.96 154644
27.97 158760
27.98 165228
27.99 171108
28 171108
28.01 174636
28.02 178164
28.03 178164
28.04 180516
28.05 184632
28.06 186984
28.07 190512
28.08 191100
28.09 186396
28.1 185220
28.11 182868
28.12 182868
28.13 181692
28.14 183456
28.15 184632
28.16 185220
28.17 176988
28.18 176988
28.19 179928
28.2 177576
28.21 166992
28.22 158760
28.23 152880
28.24 153468
28.25 150528
28.26 149352
28.27 147588
28.28 140532
28.29 136416
28.3 132888
28.31 134064
28.32 132888
28.33 139356
28.34 136416
28.35 138768
28.36 142884
28.37 135828
28.38 133476
28.39 137004
28.4 144648
28.41 148764
28.42 153468
28.43 158760
28.44 157584
28.45 160524
28.46 166404
28.47 166404
28.48 172284
28.49 176400
28.5 177576
28.51 177576
28.52 182280
28.53 182868
28.54 183456
28.55 185220
28.56 181692
28.57 184044
28.58 187572
28.59 188748
28.6 191100
28.61 192864
28.62 185808
28.63 189336
28.64 186984
28.65 184632
28.66 184044
28.67 188160
28.68 189336
28.69 187572
28.7 183456
28.71 179340
28.72 178752
28.73 172284
28.74 165228
28.75 165228
28.76 168756
28.77 168168
28.78 164640
28.79 158760
28.8 153468
28.81 148764
28.82 153468
28.83 155820
28.84 152880
28.85 156996
28.86 149352
28.87 152880
28.88 153468
28.89 150528
28.9 149940
28.91 142296
28.92 135240
28.93 135240
28.94 135828
28.95 139356
28.96 142296
28.97 139944
28.98 142296
28.99 148764
29 151116
29.01 155232
29.02 151704
29.03 152880
29.04 150528
29.05 157584
29.06 158760
29.07 158172
29.08 159348
29.09 158172
29.1 163464
29.11 161700
29.12 160524
29.13 168168
29.14 165228
29.15 169344
29.16 171108
29.17 173460
29.18 169932
29.19 171108
29.2 172872
29.21 175812
29.22 175812
29.23 171696
29.24 171696
29.25 171108
29.26 173460
29.27 174048
29.28 171696
29.29 173460
29.3 169932
29.31 165228
29.32 169932
29.33 164640
29.34 155232
29.35 147000
29.36 143472
29.37 138180
29.38 138768
29.39 139944
29.4 136416
29.41 132300
29.42 127596
29.43 124068
29.44 118188
29.45 119952
29.46 118776
29.47 119952
29.48 121128
29.49 119952
29.5 124656
29.51 125244
29.52 122892
29.53 124656
29.54 124068
29.55 124656
29.56 122304
29.57 121716
29.58 122892
29.59 129360
29.6 129948
29.61 133476
29.62 134652
29.63 132888
29.64 132300
29.65 134652
29.66 135240
29.67 137592
29.68 136416
29.69 139356
29.7 142296
29.71 142884
29.72 138768
29.73 144060
29.74 147588
29.75 148764
29.76 152880
29.77 159348
29.78 163464
29.79 167580
29.8 169932
29.81 174636
29.82 175224
29.83 174636
29.84 178164
29.85 182868
29.86 177576
29.87 176988
29.88 175224
29.89 174636
29.9 171696
29.91 173460
29.92 168756
29.93 166404
29.94 168168
29.95 165816
29.96 165816
29.97 154056
29.98 155232
29.99 148764
30 139944
30.01 137592
30.02 139356
30.03 132300
30.04 126420
30.05 128772
30.06 121716
30.07 112896
30.08 113484
30.09 111720
30.1 111720
30.11 117600
30.12 117012
30.13 117012
30.14 121128
30.15 120540
30.16 120540
30.17 125244
30.18 129360
30.19 135828
30.2 143472
30.21 148764
30.22 155232
30.23 158760
30.24 161700
30.25 163464
30.26 167580
30.27 172284
30.28 176400
30.29 176400
30.3 177576
30.31 169932
30.32 176400
30.33 177576
30.34 181692
30.35 182280
30.36 183456
30.37 189336
30.38 193452
30.39 194628
30.4 197568
30.41 198156
30.42 198744
30.43 196980
30.44 196392
30.45 195216
30.46 197568
30.47 198744
30.48 204036
30.49 202860
30.5 205212
30.51 201684
30.52 198156
30.53 192864
30.54 189336
30.55 186984
30.56 191100
30.57 194628
30.58 193452
30.59 191688
30.6 189336
30.61 186396
30.62 181104
30.63 184632
30.64 179928
30.65 175812
30.66 174636
30.67 175224
30.68 174636
30.69 172872
30.7 170520
30.71 172872
30.72 169344
30.73 172872
30.74 171696
30.75 164640
30.76 163464
30.77 162288
30.78 153468
30.79 157584
30.8 156996
30.81 155820
30.82 155820
30.83 152292
30.84 149352
30.85 145824
30.86 148764
30.87 148176
30.88 145236
30.89 138768
30.9 135240
30.91 129360
30.92 129948
30.93 132888
30.94 136416
30.95 139356
30.96 142296
30.97 143472
30.98 142884
30.99 145824
31 152292
31.01 154644
31.02 159348
31.03 164052
31.04 162288
31.05 163464
31.06 165816
31.07 164640
31.08 168168
31.09 173460
31.1 178164
31.11 179928
31.12 182868
31.13 183456
31.14 185220
31.15 185808
31.16 187572
31.17 184632
31.18 188748
31.19 191100
31.2 194628
31.21 188748
31.22 188748
31.23 192276
31.24 188160
31.25 180516
31.26 180516
31.27 176400
31.28 172872
31.29 165228
31.3 163464
31.31 165816
31.32 165228
31.33 162288
31.34 159936
31.35 156408
31.36 150528
31.37 142296
31.38 139944
31.39 132888
31.4 131124
31.41 131124
31.42 125832
31.43 125244
31.44 127008
31.45 128772
31.46 127596
31.47 129948
31.48 122892
31.49 125832
31.5 128772
31.51 132888
31.52 133476
31.53 134064
31.54 137592
31.55 140532
31.56 141708
31.57 145236
31.58 151116
31.59 156996
31.6 161112
31.61 166404
31.62 169932
31.63 171696
31.64 169932
31.65 173460
31.66 176988
31.67 180516
31.68 183456
31.69 188160
31.7 185220
31.71 191100
31.72 190512
31.73 188160
31.74 187572
31.75 188160
31.76 183456
31.77 181692
31.78 184044
31.79 185808
31.8 191100
31.81 189924
31.82 182868
31.83 178752
31.84 175224
31.85 175812
31.86 175224
31.87 175224
31.88 175812
31.89 175812
31.9 176400
31.91 168168
31.92 160524
31.93 157584
31.94 161700
31.95 158172
31.96 155232
31.97 151704
31.98 151116
31.99 149940
32 151704
32.01 145824
32.02 147588
32.03 143472
32.04 139356
32.05 133476
32.06 128184
32.07 124068
32.08 128772
32.09 132888
32.1 134064
32.11 137004
32.12 137592
32.13 141708
32.14 145236
32.15 150528
32.16 155820
32.17 157584
32.18 163464
32.19 164640
32.2 168756
32.21 169344
32.22 167580
32.23 168756
32.24 175224
32.25 174048
32.26 178752
32.27 185220
32.28 183456
32.29 186984
32.3 189336
32.31 192276
32.32 191688
32.33 193452
32.34 192864
32.35 197568
32.36 202272
32.37 202860
32.38 202860
32.39 203448
32.4 200508
32.41 196980
32.42 194628
32.43 188160
32.44 191100
32.45 184632
32.46 174636
32.47 174048
32.48 172872
32.49 175224
32.5 169932
32.51 164640
32.52 159936
32.53 156408
32.54 158172
32.55 155232
32.56 158760
32.57 161112
32.58 155820
32.59 157584
32.6 162876
32.61 160524
32.62 158172
32.63 152880
32.64 153468
32.65 155232
32.66 150528
32.67 154644
32.68 158760
32.69 161112
32.7 165228
32.71 170520
32.72 175224
32.73 177576
32.74 182280
32.75 178752
32.76 180516
32.77 186984
32.78 185808
32.79 182280
32.8 182868
32.81 183456
32.82 182280
32.83 185808
32.84 183456
32.85 186984
32.86 187572
32.87 188160
32.88 179340
32.89 179340
32.9 171108
32.91 171108
32.92 168756
32.93 166404
32.94 168168
32.95 171696
32.96 163464
32.97 155232
32.98 149940
32.99 148176
33 151704
33.01 142884
33.02 141708
33.03 142884
33.04 141708
33.05 132300
33.06 135828
33.07 136416
33.08 140532
33.09 147000
33.1 148764
33.11 145236
33.12 149352
33.13 150528
33.14 152292
33.15 156408
33.16 160524
33.17 161112
33.18 154056
33.19 155232
33.2 161700
33.21 169344
33.22 173460
33.23 173460
33.24 176988
33.25 177576
33.26 175812
33.27 174048
33.28 179340
33.29 185220
33.3 178752
33.31 180516
33.32 182280
33.33 185808
33.34 186984
33.35 188160
33.36 188748
33.37 189336
33.38 188748
33.39 181104
33.4 173460
33.41 166992
33.42 164640
33.43 165228
33.44 163464
33.45 160524
33.46 155820
33.47 148764
33.48 144060
33.49 139356
33.5 138768
33.51 134652
33.52 132888
33.53 126420
33.54 117012
33.55 114660
33.56 114072
33.57 109956
33.58 107604
33.59 109368
33.6 110544
33.61 112896
33.62 111132
33.63 109368
33.64 110544
33.65 110544
33.66 115248
33.67 112308
33.68 114072
33.69 121716
33.7 125244
33.71 129948
33.72 135240
33.73 135828
33.74 134064
33.75 137592
33.76 140532
33.77 148764
33.78 152880
33.79 156996
33.8 160524
33.81 165228
33.82 169344
33.83 172872
33.84 175812
33.85 177576
33.86 178752
33.87 175812
33.88 175812
33.89 176988
33.9 174636
33.91 180516
33.92 184632
33.93 184632
33.94 187572
33.95 186984
33.96 186984
33.97 188160
33.98 189924
33.99 188748
34 191688
34.01 188160
34.02 186396
34.03 183456
34.04 181692
34.05 179928
34.06 176988
34.07 176988
34.08 175812
34.09 167580
34.1 165228
34.11 158760
34.12 156408
34.13 157584
34.14 154644
34.15 155232
34.16 153468
34.17 152292
34.18 149352
34.19 148176
34.2 142884
34.21 139944
34.22 135240
34.23 135828
34.24 135240
34.25 138180
34.26 137004
34.27 136416
34.28 138768
34.29 143472
34.3 145236
34.31 148176
34.32 153468
34.33 153468
34.34 158760
34.35 161112
34.36 159348
34.37 163464
34.38 166992
34.39 171108
34.4 172872
34.41 172284
34.42 176400
34.43 178752
34.44 183456
34.45 186396
34.46 191688
34.47 196392
34.48 193452
34.49 189336
34.5 190512
34.51 190512
34.52 192276
34.53 195216
34.54 198156
34.55 199920
34.56 199332
34.57 192864
34.58 191100
34.59 190512
34.6 187572
34.61 181104
34.62 178164
34.63 177576
34.64 171108
34.65 170520
34.66 168756
34.67 164052
34.68 159936
34.69 162288
34.7 161112
34.71 160524
34.72 158760
34.73 156408
34.74 158760
34.75 155820
34.76 158172
34.77 159348
34.78 160524
34.79 162288
34.8 159936
34.81 149940
34.82 147588
34.83 138180
34.84 135828
34.85 137004
34.86 137592
34.87 141708
34.88 144648
34.89 146412
34.9 144648
34.91 146412
34.92 151116
34.93 154056
34.94 154644
34.95 161700
34.96 165228
34.97 164640
34.98 169344
34.99 166992
35 168168
35.01 172284
35.02 164052
35.03 168756
35.04 171108
35.05 171696
35.06 171108
35.07 169344
35.08 173460
35.09 172872
35.1 176988
35.11 178752
35.12 179928
35.13 178752
35.14 179928
35.15 177576
35.16 178752
35.17 175812
35.18 174636
35.19 167580
35.2 166404
35.21 156408
35.22 155232
35.23 152880
35.24 154644
35.25 157584
35.26 155820
35.27 150528
35.28 145824
35.29 142884
35.3 138768
35.31 139944
35.32 136416
35.33 130536
35.34 128772
35.35 121716
35.36 108780
35.37 111720
35.38 117012
35.39 119364
35.4 126420
35.41 127008
35.42 131124
35.43 127596
35.44 124656
35.45 132300
35.46 135828
35.47 142296
35.48 144060
35.49 144648
35.5 147000
35.51 148176
35.52 154056
35.53 157584
35.54 162288
35.55 166992
35.56 171696
35.57 169344
35.58 172872
35.59 168168
35.6 167580
35.61 165816
35.62 164640
35.63 166992
35.64 171696
35.65 168168
35.66 170520
35.67 168168
35.68 170520
35.69 171108
35.7 169932
35.71 174048
35.72 176400
35.73 171108
35.74 171696
35.75 175812
35.76 169344
35.77 171108
35.78 170520
35.79 170520
35.8 168168
35.81 165816
35.82 159348
35.83 164052
35.84 155820
35.85 155232
35.86 147588
35.87 148176
35.88 142296
35.89 140532
35.9 147000
35.91 147000
35.92 145236
35.93 148176
35.94 144648
35.95 144648
35.96 141708
35.97 144648
35.98 145236
35.99 144060
36 145236
36.01 151116
36.02 152880
36.03 154644
36.04 154056
36.05 156996
36.06 156408
36.07 156996
36.08 162288
36.09 162876
36.1 164052
36.11 164640
36.12 168756
36.13 168168
36.14 173460
36.15 172872
36.16 174636
36.17 175224
36.18 174636
36.19 175812
36.2 179340
36.21 175224
36.22 172872
36.23 171108
36.24 174636
36.25 178752
36.26 176988
36.27 182868
36.28 186984
36.29 183456
36.3 185808
36.31 186396
36.32 185808
36.33 180516
36.34 180516
36.35 180516
36.36 182868
36.37 182280
36.38 176400
36.39 180516
36.4 175812
36.41 171108
36.42 169344
36.43 169932
36.44 169932
36.45 169344
36.46 168756
36.47 167580
36.48 169344
36.49 171696
36.5 166992
36.51 166992
36.52 166992
36.53 164640
36.54 169344
36.55 165228
36.56 159348
36.57 156408
36.58 151116
36.59 147000
36.6 147588
36.61 147000
36.62 141708
36.63 142296
36.64 139944
36.65 137592
36.66 139356
36.67 135240
36.68 133476
36.69 130536
36.7 128772
36.71 131124
36.72 131124
36.73 131124
36.74 129360
36.75 124068
36.76 127596
36.77 127596
36.78 131124
36.79 136416
36.8 140532
36.81 145824
36.82 146412
36.83 149940
36.84 152880
36.85 152292
36.86 158760
36.87 162876
36.88 165228
36.89 168168
36.9 172284
36.91 163464
36.92 164640
36.93 167580
36.94 169932
36.95 170520
36.96 168168
36.97 168168
36.98 168168
36.99 172872
37 173460
37.01 176400
37.02 176988
37.03 166992
37.04 167580
37.05 166992
37.06 165228
37.07 167580
37.08 173460
37.09 171108
37.1 172872
37.11 164052
37.12 156996
37.13 156408
37.14 152292
37.15 150528
37.16 154644
37.17 143472
37.18 141120
37.19 126420
37.2 122892
37.21 124068
37.22 119364
37.23 121716
37.24 126420
37.25 124068
37.26 119364
37.27 122304
37.28 129948
37.29 134652
37.3 139944
37.31 145236
37.32 149352
37.33 152880
37.34 161112
37.35 165816
37.36 169932
37.37 162876
37.38 166404
37.39 167580
37.4 168756
37.41 168756
37.42 169344
37.43 175224
37.44 176988
37.45 177576
37.46 183456
37.47 183456
37.48 178752
37.49 179928
37.5 181692
37.51 185220
37.52 186984
37.53 183456
37.54 186396
37.55 184044
37.56 179928
37.57 180516
37.58 178752
37.59 168168
37.6 166992
37.61 168756
37.62 166992
37.63 168756
37.64 164640
37.65 161112
37.66 161112
37.67 159936
37.68 154644
37.69 154644
37.7 143472
37.71 143472
37.72 140532
37.73 139356
37.74 143472
37.75 136416
37.76 133476
37.77 127596
37.78 132888
37.79 131124
37.8 136416
37.81 140532
37.82 141708
37.83 148176
37.84 148176
37.85 149352
37.86 155232
37.87 155820
37.88 153468
37.89 157584
37.9 162876
37.91 163464
37.92 167580
37.93 169932
37.94 170520
37.95 171696
37.96 176988
37.97 177576
37.98 180516
37.99 183456
38 184044
38.01 186396
38.02 185220
38.03 180516
38.04 182280
38.05 178752
38.06 179928
38.07 184632
38.08 185220
38.09 184632
38.1 184632
38.11 167580
38.12 163464
38.13 161700
38.14 164640
38.15 166404
38.16 164052
38.17 162288
38.18 155232
38.19 149940
38.2 145236
38.21 142296
38.22 142884
38.23 145236
38.24 145236
38.25 140532
38.26 137592
38.27 137592
38.28 142884
38.29 144648
38.3 148176
38.31 151116
38.32 156996
38.33 159348
38.34 161700
38.35 166992
38.36 171696
38.37 174636
38.38 176988
38.39 175224
38.4 177576
38.41 181692
38.42 186396
38.43 190512
38.44 191688
38.45 189924
38.46 191100
38.47 192276
38.48 194040
38.49 199332
38.5 200508
38.51 193452
38.52 196980
38.53 196392
38.54 194040
38.55 189924
38.56 184044
38.57 179340
38.58 175224
38.59 173460
38.6 168168
38.61 162876
38.62 155820
38.63 154644
38.64 147588
38.65 138768
38.66 135240
38.67 135240
38.68 135828
38.69 135828
38.7 136416
38.71 137004
38.72 132300
38.73 127008
38.74 128184
38.75 129360
38.76 125832
38.77 124656
38.78 122892
38.79 128772
38.8 128184
38.81 127596
38.82 130536
38.83 131712
38.84 134652
38.85 141120
38.86 136416
38.87 142296
38.88 146412
38.89 148764
38.9 153468
38.91 155820
38.92 158760
38.93 160524
38.94 166992
38.95 169932
38.96 166992
38.97 166404
38.98 167580
38.99 171696
39 171696
39.01 176988
39.02 174636
39.03 175224
39.04 174636
39.05 178164
39.06 176400
39.07 176400
39.08 178752
39.09 180516
39.1 179340
39.11 178752
39.12 175812
39.13 174048
39.14 178752
39.15 173460
39.16 172284
39.17 168756
39.18 168168
39.19 160524
39.2 164640
39.21 159348
39.22 161700
39.23 161112
39.24 160524
39.25 156408
39.26 152880
39.27 147588
39.28 145824
39.29 149940
39.3 147000
39.31 147588
39.32 148764
39.33 145824
39.34 141120
39.35 146412
39.36 151116
39.37 152292
39.38 155820
39.39 158760
39.4 164640
39.41 167580
39.42 167580
39.43 169932
39.44 172284
39.45 174048
39.46 178752
39.47 178164
39.48 179928
39.49 183456
39.5 188160
39.51 186396
39.52 188160
39.53 184632
39.54 185220
39.55 184632
39.56 184632
39.57 186396
39.58 181104
39.59 178752
39.6 174636
39.61 168168
39.62 160524
39.63 159348
39.64 148176
39.65 148764
39.66 149352
39.67 152880
39.68 155820
39.69 158172
39.7 155820
39.71 152292
39.72 145236
39.73 141120
39.74 138768
39.75 138180
39.76 141120
39.77 144060
39.78 146412
39.79 151116
39.8 149352
39.81 149352
39.82 149352
39.83 152292
39.84 148764
39.85 151704
39.86 155232
39.87 161112
39.88 168756
39.89 173460
39.9 177576
39.91 179928
39.92 175224
39.93 178752
39.94 184632
39.95 186984
39.96 192864
39.97 198156
39.98 199920
39.99 200508
40 205800
40.01 200508
40.02 202272
40.03 207564
40.04 207564
40.05 204624
40.06 209328
40.07 206388
40.08 202272
40.09 198744
40.1 192864
40.11 185220
40.12 185808
40.13 179340
40.14 172284
40.15 170520
40.16 169344
40.17 161700
40.18 159936
40.19 152292
40.2 149352
40.21 142296
40.22 142884
40.23 137004
40.24 136416
40.25 134652
40.26 134652
40.27 131124
40.28 132300
40.29 131124
40.3 130536
40.31 129360
40.32 125244
40.33 124656
40.34 128772
40.35 128184
40.36 130536
40.37 134064
40.38 136416
40.39 137004
40.4 141708
40.41 147000
40.42 150528
40.43 153468
40.44 154056
40.45 154644
40.46 161700
40.47 164640
40.48 165228
40.49 166404
40.5 171108
40.51 171108
40.52 168168
40.53 168168
40.54 171696
40.55 174636
40.56 178752
40.57 177576
40.58 181692
40.59 182280
40.6 178164
40.61 179340
40.62 179340
40.63 175224
40.64 176400
40.65 177576
40.66 179928
40.67 179928
40.68 176400
40.69 171696
40.7 166992
40.71 168168
40.72 163464
40.73 158172
40.74 154056
40.75 154644
40.76 154644
40.77 145236
40.78 139944
40.79 142884
40.8 133476
40.81 134064
40.82 134652
40.83 133476
40.84 134064
40.85 125244
40.86 126420
40.87 125832
40.88 129360
40.89 129360
40.9 135240
40.91 139356
40.92 138768
40.93 142296
40.94 143472
40.95 145824
40.96 145824
40.97 145824
40.98 150528
40.99 156996
41 159348
41.01 161700
41.02 165228
41.03 166404
41.04 165228
41.05 170520
41.06 175224
41.07 178752
41.08 180516
41.09 187572
41.1 185220
41.11 190512
41.12 191100
41.13 194628
41.14 191688
41.15 191100
41.16 190512
41.17 192276
41.18 193452
41.19 196980
41.2 194628
41.21 198744
41.22 198156
41.23 194628
41.24 194040
41.25 188748
41.26 183456
41.27 185808
41.28 183456
41.29 176988
41.3 172284
41.31 174048
41.32 167580
41.33 165816
41.34 162876
41.35 163464
41.36 165228
41.37 160524
41.38 161112
41.39 156996
41.4 159348
41.41 156996
41.42 155232
41.43 158172
41.44 159936
41.45 154056
41.46 152292
41.47 154644
41.48 151116
41.49 155232
41.5 161700
41.51 161112
41.52 164640
41.53 159936
41.54 160524
41.55 167580
41.56 169932
41.57 169932
41.58 172872
41.59 174048
41.6 176400
41.61 179928
41.62 182868
41.63 187572
41.64 190512
41.65 191100
41.66 187572
41.67 191100
41.68 191688
41.69 191100
41.7 191688
41.71 196392
41.72 195804
41.73 194040
41.74 192276
41.75 189924
41.76 187572
41.77 182868
41.78 183456
41.79 180516
41.8 180516
41.81 181692
41.82 181104
41.83 179340
41.84 172872
41.85 172284
41.86 169932
41.87 166992
41.88 161112
41.89 159936
41.9 156408
41.91 152880
41.92 154644
41.93 153468
41.94 152292
41.95 156996
41.96 152880
41.97 149940
41.98 144648
41.99 137592
42 134064
42.01 132300
42.02 129360
42.03 131712
42.04 133476
42.05 132300
42.06 127008
42.07 131124
42.08 133476
42.09 132888
42.1 138180
42.11 141120
42.12 143472
42.13 148176
42.14 154056
42.15 154056
42.16 157584
42.17 159936
42.18 163464
42.19 168756
42.2 169344
42.21 175224
42.22 176988
42.23 178164
42.24 177576
42.25 178752
42.26 178752
42.27 181104
42.28 181104
42.29 185220
42.3 190512
42.31 191100
42.32 195804
42.33 194040
42.34 193452
42.35 188160
42.36 190512
42.37 185808
42.38 182868
42.39 178752
42.4 174636
42.41 177576
42.42 176988
42.43 162288
42.44 161112
42.45 150528
42.46 149940
42.47 141708
42.48 142296
42.49 142296
42.5 145236
42.51 146412
42.52 147000
42.53 147000
42.54 147000
42.55 144648
42.56 141708
42.57 137004
42.58 141120
42.59 135828
42.6 138768
42.61 144648
42.62 139944
42.63 141120
42.64 142296
42.65 148764
42.66 149940
42.67 152292
42.68 158172
42.69 161700
42.7 165228
42.71 166992
42.72 171108
42.73 168756
42.74 171108
42.75 168756
42.76 172284
42.77 172284
42.78 174636
42.79 175812
42.8 179340
42.81 180516
42.82 179340
42.83 182280
42.84 180516
42.85 176400
42.86 179928
42.87 180516
42.88 176988
42.89 174636
42.9 164640
42.91 167580
42.92 164052
42.93 155232
42.94 158172
42.95 150528
42.96 148176
42.97 147000
42.98 142296
42.99 144648
43 141120
43.01 141120
43.02 138180
43.03 128772
43.04 129360
43.05 121716
43.06 127596
43.07 127596
43.08 129360
43.09 131124
43.1 126420
43.11 127596
43.12 124656
43.13 131124
43.14 132888
43.15 134652
43.16 135828
43.17 141120
43.18 145236
43.19 145824
43.2 154056
43.21 153468
43.22 158172
43.23 163464
43.24 168168
43.25 168756
43.26 169932
43.27 175224
43.28 179340
43.29 185220
43.3 186396
43.31 188748
43.32 189924
43.33 194040
43.34 191688
43.35 195216
43.36 200508
43.37 201684
43.38 204036
43.39 208152
43.4 212856
43.41 212856
43.42 210504
43.43 208740
43.44 211092
43.45 206976
43.46 201096
43.47 200508
43.48 198744
43.49 201096
43.5 200508
43.51 191100
43.52 185220
43.53 183456
43.54 185808
43.55 182280
43.56 176988
43.57 179340
43.58 176988
43.59 171108
43.6 165816
43.61 163464
43.62 165228
43.63 166992
43.64 165228
43.65 160524
43.66 164052
43.67 163464
43.68 149352
43.69 153468
43.7 155232
43.71 154644
43.72 147588
43.73 139944
43.74 145236
43.75 149352
43.76 155820
43.77 154644
43.78 155820
43.79 158172
43.8 158760
43.81 162288
43.82 166992
43.83 170520
43.84 172284
43.85 175812
43.86 174636
43.87 172284
43.88 174636
43.89 172872
43.9 172284
43.91 173460
43.92 175812
43.93 174048
43.94 175224
43.95 179928
43.96 179928
43.97 179340
43.98 180516
43.99 177576
44 175224
44.01 169932
44.02 165816
44.03 165228
44.04 168756
44.05 168168
44.06 165816
44.07 168756
44.08 166992
44.09 161700
44.1 151116
44.11 148764
44.12 149940
44.13 151704
44.14 152880
44.15 144060
44.16 146412
44.17 139944
44.18 142884
44.19 139944
44.2 144060
44.21 141120
44.22 138768
44.23 132888
44.24 137004
44.25 137004
44.26 142296
44.27 145236
44.28 151704
44.29 155820
44.3 162876
44.31 165228
44.32 168168
44.33 171108
44.34 176988
44.35 181104
44.36 180516
44.37 181692
44.38 185808
44.39 185808
44.4 186984
44.41 185220
44.42 192276
44.43 192276
44.44 192864
44.45 191100
44.46 192276
44.47 194040
44.48 194628
44.49 187572
44.5 189336
44.51 187572
44.52 175812
44.53 171696
44.54 169932
44.55 168756
44.56 161700
44.57 150528
44.58 148764
44.59 148176
44.6 145824
44.61 142296
44.62 142884
44.63 140532
44.64 136416
44.65 125244
44.66 127008
44.67 131124
44.68 128772
44.69 127596
44.7 134064
44.71 129948
44.72 132300
44.73 138180
44.74 144060
44.75 148764
44.76 145236
44.77 148764
44.78 155232
44.79 156996
44.8 161112
44.81 163464
44.82 166992
44.83 172284
44.84 176400
44.85 180516
44.86 183456
44.87 185808
44.88 185808
44.89 185808
44.9 186984
44.91 184632
44.92 189336
44.93 184632
44.94 185808
44.95 186984
44.96 185220
44.97 187572
44.98 190512
44.99 188748
45 183456
45.01 185220
45.02 188160
45.03 182868
45.04 178164
45.05 175224
45.06 175812
45.07 178164
45.08 173460
45.09 176400
45.1 173460
45.11 171696
45.12 166404
45.13 158760
45.14 156408
45.15 158760
45.16 155820
45.17 158172
45.18 161112
45.19 162876
45.2 155820
45.21 161700
45.22 158760
45.23 156996
45.24 155820
45.25 161112
45.26 161700
45.27 156996
45.28 160524
45.29 164052
45.3 164052
45.31 168168
45.32 162288
45.33 165816
45.34 166992
45.35 169932
45.36 173460
45.37 175812
45.38 173460
45.39 170520
45.4 174636
45.41 172872
45.42 169932
45.43 171108
45.44 171108
45.45 168168
45.46 168756
45.47 166404
45.48 159936
45.49 164052
45.5 160524
45.51 162288
45.52 161700
45.53 159348
45.54 161700
45.55 158172
45.56 152292
45.57 154644
45.58 156408
45.59 155232
45.6 148176
45.61 140532
45.62 127008
45.63 128184
45.64 124068
45.65 127596
45.66 128772
45.67 129948
45.68 129360
45.69 135240
45.7 133476
45.71 137592
45.72 141708
45.73 144648
45.74 147588
45.75 149352
45.76 149940
45.77 156996
45.78 158172
45.79 162876
45.8 165816
45.81 169344
45.82 172872
45.83 174636
45.84 180516
45.85 185220
45.86 183456
45.87 185808
45.88 188160
45.89 186396
45.9 189924
45.91 189924
45.92 192864
45.93 194628
45.94 189924
45.95 186984
45.96 185808
45.97 186396
45.98 180516
45.99 185808
46 180516
46.01 178752
46.02 178752
46.03 180516
46.04 178164
46.05 167580
46.06 156408
46.07 153468
46.08 151116
46.09 148764
46.1 145824
46.11 141708
46.12 143472
46.13 138180
46.14 138768
46.15 140532
46.16 141120
46.17 143472
46.18 135240
46.19 133476
46.2 133476
46.21 131124
46.22 134064
46.23 129948
46.24 134652
46.25 137592
46.26 140532
46.27 141120
46.28 147000
46.29 147588
46.3 149940
46.31 147000
46.32 151704
46.33 156996
46.34 162288
46.35 165816
46.36 168756
46.37 172872
46.38 175224
46.39 176988
46.4 179928
46.41 174636
46.42 177576
46.43 181692
46.44 185220
46.45 189336
46.46 188748
46.47 191688
46.48 192276
46.49 191100
46.5 190512
46.51 189924
46.52 194628
46.53 195804
46.54 189924
46.55 189336
46.56 189336
46.57 178752
46.58 180516
46.59 173460
46.6 172872
46.61 169932
46.62 168168
46.63 168756
46.64 170520
46.65 166992
46.66 162288
46.67 160524
46.68 154056
46.69 149940
46.7 154056
46.71 151704
46.72 150528
46.73 142296
46.74 142296
46.75 142296
46.76 138180
46.77 137004
46.78 138768
46.79 134652
46.8 128184
46.81 119952
46.82 119952
46.83 123480
46.84 127596
46.85 131124
46.86 135240
46.87 139944
46.88 145236
46.89 144060
46.9 145824
46.91 149940
46.92 154056
46.93 158172
46.94 163464
46.95 166992
46.96 172284
46.97 174048
46.98 176988
46.99 179928
47 182868
47.01 179340
47.02 180516
47.03 182280
47.04 184632
47.05 188748
47.06 189924
47.07 182868
47.08 179928
47.09 181104
47.1 173460
47.11 174048
47.12 172284
47.13 170520
47.14 171696
47.15 164640
47.16 161112
47.17 164640
47.18 155232
47.19 151704
47.2 145824
47.21 137592
47.22 134652
47.23 131124
47.24 130536
47.25 130536
47.26 128772
47.27 130536
47.28 131124
47.29 128184
47.3 129948
47.31 128772
47.32 129948
47.33 132300
47.34 135828
47.35 140532
47.36 145824
47.37 152880
47.38 153468
47.39 155232
47.4 161700
47.41 164640
47.42 169932
47.43 172872
47.44 176400
47.45 176988
47.46 181692
47.47 182868
47.48 185220
47.49 190512
47.5 193452
47.51 195216
47.52 199332
47.53 202272
47.54 204036
47.55 202860
47.56 207564
47.57 204036
47.58 204036
47.59 204036
47.6 205212
47.61 200508
47.62 195804
47.63 198156
47.64 192864
47.65 192276
47.66 187572
47.67 185808
47.68 184632
47.69 184044
47.7 181104
47.71 176400
47.72 174636
47.73 172284
47.74 171108
47.75 164052
47.76 165816
47.77 159936
47.78 159348
47.79 160524
47.8 156996
47.81 145236
47.82 145236
47.83 145236
47.84 138180
47.85 140532
47.86 135240
47.87 132888
47.88 137592
47.89 135828
47.9 135240
47.91 137592
47.92 136416
47.93 141708
47.94 144648
47.95 147000
47.96 147588
47.97 153468
47.98 153468
47.99 155232
48 158172
48.01 159936
48.02 161700
48.03 166992
48.04 169932
48.05 172872
48.06 172872
48.07 169344
48.08 172284
48.09 169932
48.1 175224
48.11 179928
48.12 176400
48.13 180516
48.14 179928
48.15 183456
48.16 186396
48.17 184044
48.18 185220
48.19 186396
48.2 186984
48.21 182280
48.22 181104
48.23 182280
48.24 179928
48.25 182280
48.26 181692
48.27 174636
48.28 173460
48.29 169932
48.3 174048
48.31 171108
48.32 169932
48.33 168756
48.34 166404
48.35 166992
48.36 151704
48.37 143472
48.38 145236
48.39 147000
48.4 140532
48.41 138180
48.42 137004
48.43 137592
48.44 129360
48.45 124068
48.46 122892
48.47 119364
48.48 114072
48.49 113484
48.5 117012
48.51 116424
48.52 119364
48.53 122892
48.54 126420
48.55 127008
48.56 133476
48.57 131124
48.58 132300
48.59 138768
48.6 140532
48.61 144648
48.62 136416
48.63 134652
48.64 135828
48.65 138768
48.66 139356
48.67 148176
48.68 150528
48.69 150528
48.7 152880
48.71 152880
48.72 155820
48.73 154056
48.74 159348
48.75 162876
48.76 164052
48.77 166992
48.78 170520
48.79 172284
48.8 170520
48.81 169932
48.82 169932
48.83 171696
48.84 174636
48.85 176400
48.86 174636
48.87 175812
48.88 178164
48.89 181692
48.9 175224
48.91 175224
48.92 172872
48.93 174636
48.94 168756
48.95 162288
48.96 164052
48.97 168168
48.98 164052
48.99 157584
49 154056
49.01 148764
49.02 148176
49.03 144648
49.04 144648
49.05 146412
49.06 144648
49.07 138768
49.08 141708
49.09 142296
49.1 135240
49.11 136416
49.12 139944
49.13 132888
49.14 133476
49.15 134064
49.16 138768
49.17 137592
49.18 143472
49.19 142296
49.2 147000
49.21 146412
49.22 151704
49.23 155232
49.24 159348
49.25 161112
49.26 166992
49.27 167580
49.28 166992
49.29 166992
49.3 168756
49.31 170520
49.32 172284
49.33 166404
49.34 168756
49.35 171696
49.36 169932
49.37 171108
49.38 174048
49.39 175224
49.4 171108
49.41 167580
49.42 171696
49.43 167580
49.44 161112
49.45 152880
49.46 151116
49.47 154056
49.48 146412
49.49 142884
49.5 148176
49.51 145236
49.52 145824
49.53 145824
49.54 144060
49.55 141708
49.56 138768
49.57 134064
49.58 132300
49.59 129948
49.6 135828
49.61 138768
49.62 138180
49.63 141120
49.64 138180
49.65 141708
49.66 145824
49.67 147588
49.68 148764
49.69 152292
49.7 152880
49.71 156996
49.72 157584
49.73 155232
49.74 160524
49.75 166992
49.76 170520
49.77 171108
49.78 172872
49.79 174636
49.8 172284
49.81 176400
49.82 176400
49.83 182280
49.84 179928
49.85 180516
49.86 180516
49.87 181104
49.88 181104
49.89 186396
49.9 188160
49.91 188748
49.92 189924
49.93 186396
49.94 186396
49.95 184632
49.96 186396
49.97 191100
49.98 190512
49.99 182280
