0.01 0
0.02 0
0.03 0
0.04 0
0.05 0
0.06 0
0.07 0
0.08 0
0.09 0
0.1 0
0.11 0
0.12 0
0.13 0
0.14 0
0.15 0
0.16 0
0.17 0
0.18 0
0.19 0
0.2 0
0.21 0
0.22 0
0.23 0
0.24 0
0.25 0
0.26 0
0.27 0
0.28 0
0.29 0
0.3 0
0.31 0
0.32 0
0.33 0
0.34 0
0.35 0
0.36 0
0.37 0
0.38 0
0.39 0
0.4 0
0.41 0
0.42 0
0.43 0
0.44 0
0.45 0
0.46 0
0.47 0
0.48 0
0.49 0
0.5 0
0.51 0
0.52 0
0.53 0
0.54 0
0.55 0
0.56 0
0.57 0
0.58 0
0.59 0
0.6 0
0.61 0
0.62 0
0.63 0
0.64 0
0.65 0
0.66 0
0.67 0
0.68 0
0.69 0
0.7 0
0.71 0
0.72 0
0.73 0
0.74 0
0.75 0
0.76 0
0.77 0
0.78 0
0.79 0
0.8 0
0.81 0
0.82 0
0.83 0
0.84 0
0.85 0
0.86 0
0.87 0
0.88 0
0.89 0
0.9 0
0.91 0
0.92 0
0.93 0
0.94 0
0.95 0
0.96 0
0.97 0
0.98 0
0.99 0
1 0
1.01 0
1.02 0
1.03 0
1.04 0
1.05 0
1.06 0
1.07 0
1.08 0
1.09 0
1.1 0
1.11 0
1.12 0
1.13 0
1.14 0
1.15 0
1.16 0
1.17 0
1.18 0
1.19 0
1.2 0
1.21 0
1.22 0
1.23 0
1.24 0
1.25 0
1.26 0
1.27 0
1.28 0
1.29 0
1.3 0
1.31 0
1.32 0
1.33 0
1.34 0
1.35 0
1.36 0
1.37 0
1.38 0
1.39 0
1.4 0
1.41 0
1.42 0
1.43 0
1.44 0
1.45 0
1.46 0
1.47 0
1.48 0
1.49 0
1.5 0
1.51 0
1.52 0
1.53 0
1.54 0
1.55 0
1.56 0
1.57 0
1.58 0
1.59 0
1.6 0
1.61 0
1.62 0
1.63 0
1.64 0
1.65 0
1.66 0
1.67 0
1.68 0
1.69 0
1.7 0
1.71 0
1.72 0
1.73 0
1.74 0
1.75 0
1.76 0
1.77 3
1.78 12
1.79 14
1.8 16
1.81 16
1.82 16
1.83 17
1.84 18
1.85 18
1.86 18
1.87 20
1.88 29
1.89 38
1.9 52
1.91 55
1.92 56
1.93 55
1.94 58
1.95 58
1.96 57
1.97 60
1.98 59
1.99 60
2 63
2.01 72
2.02 88
2.03 98
2.04 109
2.05 121
2.06 134
2.07 141
2.08 142
2.09 143
2.1 146
2.11 147
2.12 149
2.13 149
2.14 154
2.15 155
2.16 155
2.17 164
2.18 176
2.19 182
2.2 198
2.21 204
2.22 216
2.23 227
2.24 238
2.25 245
2.26 256
2.27 265
2.28 266
2.29 268
2.3 268
2.31 271
2.32 272
2.33 272
2.34 275
2.35 274
2.36 275
2.37 275
2.38 277
2.39 277
2.4 277
2.41 279
2.42 279
2.43 280
2.44 282
2.45 280
2.46 283
2.47 284
2.48 286
2.49 286
2.5 286
2.51 288
2.52 289
2.53 289
2.54 291
2.55 293
2.56 294
2.57 294
2.58 295
2.59 296
2.6 298
2.61 299
2.62 298
2.63 298
2.64 299
2.65 299
2.66 298
2.67 299
2.68 298
2.69 299
2.7 297
2.71 299
2.72 298
2.73 299
2.74 299
2.75 300
2.76 298
2.77 299
2.78 299
2.79 299
2.8 299
2.81 299
2.82 298
2.83 297
2.84 297
2.85 298
2.86 298
2.87 299
2.88 300
2.89 298
2.9 297
2.91 298
2.92 297
2.93 298
2.94 298
2.95 299
2.96 300
2.97 299
2.98 299
2.99 298
3 297
3.01 298
3.02 298
3.03 295
3.04 287
3.05 278
3.06 271
3.07 263
3.08 254
3.09 245
3.1 237
3.11 229
3.12 225
3.13 227
3.14 228
3.15 229
3.16 228
3.17 233
3.18 237
3.19 241
3.2 242
3.21 248
3.22 252
3.23 253
3.24 251
3.25 247
3.26 241
3.27 232
3.28 222
3.29 214
3.3 206
3.31 198
3.32 188
3.33 180
3.34 172
3.35 162
3.36 153
3.37 144
3.38 137
3.39 129
3.4 120
3.41 111
3.42 104
3.43 95
3.44 89
3.45 126
3.46 160
3.47 156
3.48 154
3.49 151
3.5 149
3.51 140
3.52 131
3.53 122
3.54 115
3.55 106
3.56 105
3.57 106
3.58 108
3.59 109
3.6 109
3.61 109
3.62 113
3.63 162
3.64 199
3.65 194
3.66 187
3.67 181
3.68 178
3.69 181
3.7 181
3.71 182
3.72 182
3.73 183
3.74 188
3.75 188
3.76 186
3.77 188
3.78 187
3.79 182
3.8 182
3.81 181
3.82 182
3.83 183
3.84 183
3.85 182
3.86 182
3.87 180
3.88 184
3.89 184
3.9 188
3.91 190
3.92 187
3.93 188
3.94 190
3.95 196
3.96 193
3.97 193
3.98 191
3.99 193
4 192
4.01 193
4.02 195
4.03 195
4.04 196
4.05 196
4.06 197
4.07 200
4.08 198
4.09 198
4.1 198
4.11 200
4.12 197
4.13 199
4.14 200
4.15 200
4.16 202
4.17 200
4.18 202
4.19 202
4.2 203
4.21 204
4.22 206
4.23 207
4.24 206
4.25 207
4.26 208
4.27 209
4.28 210
4.29 209
4.3 209
4.31 211
4.32 209
4.33 209
4.34 211
4.35 211
4.36 213
4.37 213
4.38 211
4.39 213
4.4 213
4.41 214
4.42 214
4.43 217
4.44 216
4.45 215
4.46 218
4.47 215
4.48 217
4.49 217
4.5 220
4.51 221
4.52 222
4.53 222
4.54 222
4.55 221
4.56 224
4.57 223
4.58 226
4.59 226
4.6 226
4.61 226
4.62 226
4.63 228
4.64 227
4.65 226
4.66 228
4.67 229
4.68 229
4.69 229
4.7 231
4.71 230
4.72 231
4.73 231
4.74 233
4.75 233
4.76 232
4.77 233
4.78 235
4.79 235
4.8 235
4.81 234
4.82 235
4.83 237
4.84 236
4.85 238
4.86 238
4.87 238
4.88 238
4.89 238
4.9 241
4.91 240
4.92 239
4.93 240
4.94 242
4.95 242
4.96 243
4.97 241
4.98 244
4.99 244
5 243
5.01 245
5.02 245
5.03 244
5.04 245
5.05 246
5.06 246
5.07 246
5.08 245
5.09 246
5.1 248
5.11 248
5.12 249
5.13 246
5.14 250
5.15 249
5.16 250
5.17 250
5.18 251
5.19 251
5.2 251
5.21 250
5.22 253
5.23 250
5.24 251
5.25 252
5.26 254
5.27 254
5.28 254
5.29 253
5.3 254
5.31 256
5.32 255
5.33 254
5.34 256
5.35 257
5.36 256
5.37 257
5.38 259
5.39 256
5.4 260
5.41 260
5.42 262
5.43 261
5.44 262
5.45 261
5.46 263
5.47 263
5.48 262
5.49 263
5.5 263
5.51 265
5.52 264
5.53 263
5.54 264
5.55 266
5.56 266
5.57 265
5.58 265
5.59 265
5.6 266
5.61 266
5.62 268
5.63 265
5.64 268
5.65 267
5.66 269
5.67 270
5.68 267
5.69 269
5.7 269
5.71 271
5.72 270
5.73 269
5.74 270
5.75 272
5.76 272
5.77 271
5.78 271
5.79 271
5.8 273
5.81 272
5.82 274
5.83 273
5.84 273
5.85 274
5.86 275
5.87 274
5.88 273
5.89 274
5.9 276
5.91 275
5.92 276
5.93 276
5.94 277
5.95 276
5.96 276
5.97 277
5.98 275
5.99 277
6 276
6.01 278
6.02 278
6.03 278
6.04 277
6.05 279
6.06 280
6.07 279
6.08 279
6.09 279
6.1 281
6.11 280
6.12 279
6.13 279
6.14 282
6.15 281
6.16 281
6.17 281
6.18 281
6.19 284
6.2 283
6.21 282
6.22 283
6.23 284
6.24 284
6.25 286
6.26 285
6.27 286
6.28 286
6.29 285
6.3 287
6.31 285
6.32 287
6.33 286
6.34 288
6.35 287
6.36 287
6.37 287
6.38 287
6.39 286
6.4 285
6.41 285
6.42 288
6.43 287
6.44 286
6.45 286
6.46 288
6.47 289
6.48 288
6.49 287
6.5 288
6.51 289
6.52 288
6.53 288
6.54 289
6.55 290
6.56 289
6.57 289
6.58 291
6.59 290
6.6 290
6.61 291
6.62 291
6.63 290
6.64 289
6.65 291
6.66 294
6.67 294
6.68 293
6.69 293
6.7 293
6.71 294
6.72 293
6.73 294
6.74 294
6.75 295
6.76 294
6.77 294
6.78 295
6.79 295
6.8 294
6.81 294
6.82 294
6.83 296
6.84 295
6.85 295
6.86 295
6.87 296
6.88 296
6.89 295
6.9 297
6.91 296
6.92 297
6.93 296
6.94 297
6.95 296
6.96 297
6.97 296
6.98 298
6.99 298
7 298
7.01 297
7.02 299
7.03 298
7.04 298
7.05 297
7.06 299
7.07 298
7.08 300
7.09 299
7.1 300
7.11 299
7.12 298
7.13 298
7.14 300
7.15 299
7.16 298
7.17 298
7.18 300
7.19 299
7.2 299
7.21 297
7.22 299
7.23 298
7.24 297
7.25 297
7.26 299
7.27 298
7.28 299
7.29 297
7.3 300
7.31 300
7.32 299
7.33 299
7.34 297
7.35 299
7.36 298
7.37 299
7.38 297
7.39 299
7.4 298
7.41 299
7.42 298
7.43 297
7.44 299
7.45 298
7.46 298
7.47 297
7.48 297
7.49 298
7.5 299
7.51 298
7.52 299
7.53 299
7.54 299
7.55 299
7.56 299
7.57 300
7.58 297
7.59 294
7.6 291
7.61 289
7.62 287
7.63 285
7.64 282
7.65 281
7.66 284
7.67 281
7.68 283
7.69 283
7.7 285
7.71 283
7.72 285
7.73 284
7.74 285
7.75 286
7.76 287
7.77 288
7.78 289
7.79 288
7.8 289
7.81 290
7.82 291
7.83 290
7.84 291
7.85 293
7.86 291
7.87 292
7.88 291
7.89 291
7.9 292
7.91 292
7.92 294
7.93 285
7.94 277
7.95 269
7.96 263
7.97 268
7.98 272
7.99 274
8 280
8.01 280
8.02 284
8.03 287
8.04 287
8.05 289
8.06 289
8.07 288
8.08 289
8.09 288
8.1 289
8.11 289
8.12 290
8.13 289
8.14 289
8.15 290
8.16 289
8.17 290
8.18 289
8.19 288
8.2 290
8.21 288
8.22 290
8.23 289
8.24 288
8.25 289
8.26 289
8.27 290
8.28 290
8.29 288
8.3 290
8.31 289
8.32 289
8.33 292
8.34 286
8.35 283
8.36 283
8.37 283
8.38 282
8.39 280
8.4 277
8.41 269
8.42 261
8.43 252
8.44 250
8.45 250
8.46 251
8.47 252
8.48 250
8.49 251
8.5 251
8.51 250
8.52 251
8.53 250
8.54 251
8.55 251
8.56 250
8.57 251
8.58 251
8.59 250
8.6 251
8.61 252
8.62 250
8.63 251
8.64 252
8.65 252
8.66 252
8.67 251
8.68 252
8.69 253
8.7 251
8.71 252
8.72 253
8.73 253
8.74 253
8.75 251
8.76 253
8.77 253
8.78 254
8.79 256
8.8 253
8.81 250
8.82 250
8.83 252
8.84 249
8.85 250
8.86 252
8.87 251
8.88 250
8.89 251
8.9 251
8.91 252
8.92 248
8.93 250
8.94 252
8.95 250
8.96 250
8.97 251
8.98 251
8.99 251
9 250
9.01 250
9.02 252
9.03 250
9.04 249
9.05 249
9.06 251
9.07 249
9.08 250
9.09 250
9.1 249
9.11 251
9.12 250
9.13 250
9.14 253
9.15 252
9.16 253
9.17 252
9.18 252
9.19 252
9.2 252
9.21 251
9.22 252
9.23 253
9.24 251
9.25 252
9.26 252
9.27 251
9.28 252
9.29 253
9.3 252
9.31 252
9.32 251
9.33 252
9.34 252
9.35 251
9.36 252
9.37 253
9.38 251
9.39 252
9.4 252
9.41 252
9.42 252
9.43 251
9.44 252
9.45 251
9.46 251
9.47 252
9.48 253
9.49 253
9.5 255
9.51 255
9.52 254
9.53 255
9.54 257
9.55 256
9.56 255
9.57 255
9.58 255
9.59 255
9.6 256
9.61 254
9.62 256
9.63 255
9.64 254
9.65 255
9.66 257
9.67 255
9.68 255
9.69 254
9.7 256
9.71 255
9.72 254
9.73 255
9.74 257
9.75 254
9.76 255
9.77 256
9.78 256
9.79 255
9.8 254
9.81 255
9.82 255
9.83 254
9.84 255
9.85 256
9.86 256
9.87 257
9.88 256
9.89 256
9.9 259
9.91 258
9.92 258
9.93 257
9.94 256
9.95 257
9.96 256
9.97 256
9.98 257
9.99 256
10 256
10.01 256
10.02 256
10.03 257
10.04 256
10.05 255
10.06 257
10.07 258
10.08 257
10.09 256
10.1 256
10.11 257
10.12 256
10.13 255
10.14 258
10.15 259
10.16 258
10.17 257
10.18 259
10.19 258
10.2 257
10.21 256
10.22 258
10.23 260
10.24 257
10.25 259
10.26 260
10.27 259
10.28 260
10.29 260
10.3 260
10.31 258
10.32 259
10.33 259
10.34 259
10.35 259
10.36 258
10.37 258
10.38 260
10.39 258
10.4 259
10.41 259
10.42 258
10.43 259
10.44 258
10.45 258
10.46 259
10.47 258
10.48 259
10.49 259
10.5 258
10.51 257
10.52 258
10.53 257
10.54 257
10.55 258
10.56 259
10.57 256
10.58 258
10.59 258
10.6 258
10.61 260
10.62 261
10.63 260
10.64 260
10.65 261
10.66 260
10.67 261
10.68 260
10.69 260
10.7 260
10.71 260
10.72 261
10.73 259
10.74 260
10.75 261
10.76 260
10.77 260
10.78 261
10.79 260
10.8 261
10.81 259
10.82 260
10.83 261
10.84 259
10.85 260
10.86 261
10.87 260
10.88 260
10.89 259
10.9 260
10.91 261
10.92 259
10.93 259
10.94 261
10.95 259
10.96 260
10.97 259
10.98 259
10.99 261
11 260
11.01 260
11.02 260
11.03 259
11.04 261
11.05 260
11.06 260
11.07 259
11.08 258
11.09 259
11.1 261
11.11 258
11.12 259
11.13 260
11.14 260
11.15 259
11.16 260
11.17 259
11.18 261
11.19 258
11.2 259
11.21 260
11.22 259
11.23 259
11.24 260
11.25 259
11.26 261
11.27 261
11.28 260
11.29 261
11.3 260
11.31 260
11.32 261
11.33 259
11.34 261
11.35 261
11.36 260
11.37 261
11.38 262
11.39 261
11.4 261
11.41 260
11.42 262
11.43 260
11.44 261
11.45 259
11.46 261
11.47 261
11.48 259
11.49 260
11.5 260
11.51 260
11.52 260
11.53 259
11.54 261
11.55 261
11.56 259
11.57 260
11.58 260
11.59 259
11.6 260
11.61 261
11.62 261
11.63 260
11.64 259
11.65 260
11.66 260
11.67 259
11.68 258
11.69 259
11.7 261
11.71 258
11.72 259
11.73 260
11.74 260
11.75 260
11.76 261
11.77 261
11.78 261
11.79 261
11.8 260
11.81 261
11.82 261
11.83 258
11.84 259
11.85 260
11.86 259
11.87 259
11.88 260
11.89 259
11.9 260
11.91 259
11.92 259
11.93 260
11.94 259
11.95 259
11.96 260
11.97 258
11.98 260
11.99 259
12 259
12.01 259
12.02 260
12.03 260
12.04 261
12.05 259
12.06 261
12.07 261
12.08 259
12.09 260
12.1 260
12.11 260
12.12 261
12.13 260
12.14 262
12.15 260
12.16 261
12.17 261
12.18 261
12.19 261
12.2 259
12.21 260
12.22 260
12.23 259
12.24 260
12.25 261
12.26 261
12.27 260
12.28 259
12.29 260
12.3 260
12.31 259
12.32 260
12.33 261
12.34 261
12.35 260
12.36 261
12.37 260
12.38 260
12.39 259
12.4 260
12.41 259
12.42 261
12.43 258
12.44 259
12.45 260
12.46 259
12.47 259
12.48 260
12.49 259
12.5 261
12.51 261
12.52 260
12.53 261
12.54 262
12.55 260
12.56 261
12.57 260
12.58 259
12.59 259
12.6 260
12.61 258
12.62 260
12.63 259
12.64 259
12.65 259
12.66 259
12.67 259
12.68 260
12.69 258
12.7 260
12.71 259
12.72 258
12.73 259
12.74 260
12.75 259
12.76 259
12.77 258
12.78 261
12.79 261
12.8 259
12.81 260
12.82 260
12.83 259
12.84 260
12.85 260
12.86 261
12.87 261
12.88 260
12.89 261
12.9 261
12.91 261
12.92 260
12.93 260
12.94 263
12.95 260
12.96 261
12.97 262
12.98 262
12.99 261
13 261
13.01 261
13.02 261
13.03 260
13.04 261
13.05 262
13.06 262
13.07 261
13.08 262
13.09 261
13.1 261
13.11 261
13.12 261
13.13 262
13.14 261
13.15 261
13.16 260
13.17 261
13.18 260
13.19 260
13.2 261
13.21 259
13.22 261
13.23 260
13.24 260
13.25 261
13.26 261
13.27 261
13.28 262
13.29 262
13.3 263
13.31 262
13.32 262
13.33 262
13.34 262
13.35 263
13.36 263
13.37 261
13.38 263
13.39 262
13.4 261
13.41 262
13.42 263
13.43 263
13.44 262
13.45 261
13.46 263
13.47 262
13.48 261
13.49 262
13.5 264
13.51 263
13.52 262
13.53 262
13.54 263
13.55 262
13.56 261
13.57 262
13.58 264
13.59 261
13.6 262
13.61 263
13.62 263
13.63 263
13.64 263
13.65 264
13.66 264
13.67 263
13.68 263
13.69 264
13.7 265
13.71 264
13.72 261
13.73 262
13.74 264
13.75 262
13.76 262
13.77 263
13.78 263
13.79 263
13.8 263
13.81 262
13.82 264
13.83 262
13.84 262
13.85 263
13.86 262
13.87 263
13.88 262
13.89 262
13.9 263
13.91 262
13.92 264
13.93 265
13.94 264
13.95 265
13.96 264
13.97 263
13.98 265
13.99 266
14 263
14.01 266
14.02 266
14.03 267
14.04 264
14.05 267
14.06 267
14.07 267
14.08 266
14.09 265
14.1 265
14.11 266
14.12 265
14.13 264
14.14 266
14.15 267
14.16 264
14.17 265
14.18 266
14.19 266
14.2 265
14.21 264
14.22 266
14.23 267
14.24 264
14.25 265
14.26 267
14.27 266
14.28 265
14.29 265
14.3 269
14.31 270
14.32 268
14.33 268
14.34 270
14.35 269
14.36 269
14.37 269
14.38 269
14.39 270
14.4 270
14.41 269
14.42 270
14.43 271
14.44 271
14.45 270
14.46 271
14.47 270
14.48 270
14.49 269
14.5 270
14.51 271
14.52 269
14.53 269
14.54 271
14.55 269
14.56 270
14.57 269
14.58 270
14.59 270
14.6 269
14.61 269
14.62 271
14.63 269
14.64 270
14.65 269
14.66 269
14.67 270
14.68 269
14.69 271
14.7 272
14.71 271
14.72 270
14.73 271
14.74 273
14.75 270
14.76 271
14.77 272
14.78 273
14.79 273
14.8 275
14.81 275
14.82 275
14.83 276
14.84 274
14.85 275
14.86 275
14.87 274
14.88 273
14.89 274
14.9 276
14.91 274
14.92 274
14.93 275
14.94 275
14.95 274
14.96 274
14.97 274
14.98 276
14.99 274
15 274
15.01 275
15.02 275
15.03 275
15.04 275
15.05 274
15.06 276
15.07 275
15.08 277
15.09 277
15.1 277
15.11 277
15.12 276
15.13 276
15.14 278
15.15 276
15.16 277
15.17 277
15.18 278
15.19 278
15.2 279
15.21 278
15.22 280
15.23 279
15.24 280
15.25 279
15.26 280
15.27 280
15.28 280
15.29 279
15.3 280
15.31 280
15.32 279
15.33 280
15.34 280
15.35 279
15.36 280
15.37 281
15.38 280
15.39 280
15.4 279
15.41 280
15.42 280
15.43 279
15.44 280
15.45 281
15.46 279
15.47 281
15.48 280
15.49 281
15.5 283
15.51 280
15.52 281
15.53 282
15.54 282
15.55 281
15.56 281
15.57 282
15.58 283
15.59 284
15.6 282
15.61 284
15.62 285
15.63 286
15.64 286
15.65 286
15.66 286
15.67 285
15.68 286
15.69 284
15.7 285
15.71 286
15.72 285
15.73 284
15.74 286
15.75 285
15.76 286
15.77 284
15.78 285
15.79 286
15.8 284
15.81 284
15.82 286
15.83 285
15.84 285
15.85 284
15.86 288
15.87 287
15.88 288
15.89 286
15.9 287
15.91 288
15.92 287
15.93 287
15.94 288
15.95 287
15.96 288
15.97 288
15.98 290
15.99 290
16 291
16.01 291
16.02 292
16.03 293
16.04 292
16.05 294
16.06 294
16.07 294
16.08 295
16.09 294
16.1 296
16.11 294
16.12 294
16.13 295
16.14 294
16.15 294
16.16 295
16.17 294
16.18 295
16.19 294
16.2 294
16.21 295
16.22 294
16.23 294
16.24 295
16.25 294
16.26 296
16.27 294
16.28 294
16.29 294
16.3 296
16.31 294
16.32 295
16.33 295
16.34 295
16.35 295
16.36 294
16.37 296
16.38 297
16.39 298
16.4 300
16.41 299
16.42 298
16.43 299
16.44 299
16.45 298
16.46 300
16.47 297
16.48 298
16.49 298
16.5 299
16.51 298
16.52 298
16.53 299
16.54 298
16.55 299
16.56 298
16.57 297
16.58 299
16.59 299
16.6 298
16.61 298
16.62 298
16.63 299
16.64 298
16.65 297
16.66 299
16.67 300
16.68 297
16.69 297
16.7 299
16.71 297
16.72 297
16.73 298
16.74 297
16.75 298
16.76 297
16.77 297
16.78 299
16.79 300
16.8 299
16.81 298
16.82 299
16.83 299
16.84 299
16.85 299
16.86 298
16.87 300
16.88 300
16.89 300
16.9 298
16.91 297
16.92 298
16.93 299
16.94 297
16.95 298
16.96 299
16.97 298
16.98 298
16.99 297
17 298
17.01 299
17.02 297
17.03 298
17.04 299
17.05 298
17.06 298
17.07 299
17.08 298
17.09 299
17.1 299
17.11 293
17.12 284
17.13 275
17.14 268
17.15 258
17.16 249
17.17 240
17.18 232
17.19 223
17.2 216
17.21 213
17.22 210
17.23 209
17.24 205
17.25 202
17.26 202
17.27 194
17.28 184
17.29 179
17.3 184
17.31 186
17.32 177
17.33 169
17.34 161
17.35 151
17.36 142
17.37 134
17.38 125
17.39 116
17.4 107
17.41 99
17.42 90
17.43 81
17.44 72
17.45 64
17.46 55
17.47 46
17.48 37
17.49 29
17.5 21
17.51 20
17.52 59
17.53 184
17.54 179
17.55 174
17.56 165
17.57 157
17.58 151
17.59 142
17.6 133
17.61 124
17.62 120
17.63 115
17.64 110
17.65 105
17.66 98
17.67 88
17.68 82
17.69 84
17.7 88
17.71 89
17.72 89
17.73 92
17.74 94
17.75 95
17.76 97
17.77 97
17.78 99
17.79 99
17.8 103
17.81 103
17.82 104
17.83 108
17.84 112
17.85 106
17.86 102
17.87 95
17.88 87
17.89 90
17.9 90
17.91 89
17.92 91
17.93 89
17.94 93
17.95 92
17.96 93
17.97 92
17.98 93
17.99 95
18 94
18.01 95
18.02 95
18.03 96
18.04 96
18.05 96
18.06 98
18.07 99
18.08 99
18.09 94
18.1 95
18.11 95
18.12 94
18.13 94
18.14 96
18.15 95
18.16 95
18.17 94
18.18 97
18.19 96
18.2 96
18.21 98
18.22 98
18.23 98
18.24 97
18.25 99
18.26 99
18.27 98
18.28 98
18.29 100
18.3 101
18.31 100
18.32 100
18.33 99
18.34 100
18.35 100
18.36 101
18.37 100
18.38 100
18.39 100
18.4 102
18.41 101
18.42 102
18.43 103
18.44 101
18.45 102
18.46 102
18.47 103
18.48 102
18.49 102
18.5 104
18.51 103
18.52 103
18.53 103
18.54 104
18.55 105
18.56 104
18.57 103
18.58 104
18.59 105
18.6 105
18.61 104
18.62 105
18.63 106
18.64 106
18.65 105
18.66 106
18.67 105
18.68 107
18.69 106
18.7 105
18.71 106
18.72 105
18.73 106
18.74 105
18.75 105
18.76 107
18.77 106
18.78 106
18.79 105
18.8 107
18.81 106
18.82 106
18.83 109
18.84 108
18.85 108
18.86 108
18.87 107
18.88 107
18.89 108
18.9 110
18.91 110
18.92 110
18.93 111
18.94 111
18.95 111
18.96 111
18.97 110
18.98 113
18.99 112
19 111
19.01 111
19.02 113
19.03 112
19.04 111
19.05 111
19.06 114
19.07 114
19.08 113
19.09 113
19.1 113
19.11 114
19.12 113
19.13 114
19.14 118
19.15 117
19.16 117
19.17 116
19.18 116
19.19 116
19.2 117
19.21 116
19.22 116
19.23 116
19.24 117
19.25 117
19.26 118
19.27 117
19.28 117
19.29 118
19.3 118
19.31 117
19.32 117
19.33 118
19.34 119
19.35 118
19.36 118
19.37 123
19.38 124
19.39 123
19.4 124
19.41 121
19.42 124
19.43 123
19.44 124
19.45 121
19.46 125
19.47 124
19.48 124
19.49 125
19.5 124
19.51 125
19.52 124
19.53 125
19.54 124
19.55 125
19.56 124
19.57 125
19.58 125
19.59 125
19.6 125
19.61 131
19.62 135
19.63 134
19.64 134
19.65 133
19.66 135
19.67 135
19.68 134
19.69 133
19.7 134
19.71 136
19.72 135
19.73 136
19.74 135
19.75 136
19.76 135
19.77 135
19.78 135
19.79 135
19.8 136
19.81 135
19.82 136
19.83 136
19.84 137
19.85 136
19.86 144
19.87 154
19.88 153
19.89 152
19.9 152
19.91 154
19.92 153
19.93 152
19.94 153
19.95 154
19.96 153
19.97 153
19.98 153
19.99 155
20 155
20.01 154
20.02 156
20.03 154
20.04 155
20.05 154
20.06 156
20.07 154
20.08 154
20.09 155
20.1 155
20.11 154
20.12 164
20.13 172
20.14 182
20.15 183
20.16 183
20.17 182
20.18 184
20.19 183
20.2 183
20.21 182
20.22 184
20.23 182
20.24 183
20.25 184
20.26 184
20.27 185
20.28 184
20.29 184
20.3 184
20.31 185
20.32 184
20.33 184
20.34 184
20.35 184
20.36 185
20.37 183
20.38 184
20.39 184
20.4 186
20.41 187
20.42 188
20.43 189
20.44 191
20.45 192
20.46 193
20.47 192
20.48 192
20.49 191
20.5 191
20.51 191
20.52 192
20.53 191
20.54 191
20.55 192
20.56 193
20.57 192
20.58 193
20.59 192
20.6 192
20.61 193
20.62 193
20.63 193
20.64 192
20.65 193
20.66 193
20.67 193
20.68 192
20.69 193
20.7 193
20.71 194
20.72 194
20.73 193
20.74 193
20.75 194
20.76 195
20.77 196
20.78 197
20.79 198
20.8 195
20.81 197
20.82 197
20.83 198
20.84 195
20.85 197
20.86 197
20.87 198
20.88 199
20.89 197
20.9 199
20.91 198
20.92 199
20.93 197
20.94 199
20.95 198
20.96 197
20.97 197
20.98 199
20.99 199
21 198
21.01 198
21.02 198
21.03 200
21.04 199
21.05 198
21.06 199
21.07 201
21.08 200
21.09 200
21.1 200
21.11 199
21.12 199
21.13 200
21.14 200
21.15 200
21.16 199
21.17 200
21.18 200
21.19 200
21.2 199
21.21 199
21.22 201
21.23 198
21.24 200
21.25 199
21.26 201
21.27 198
21.28 200
21.29 200
21.3 202
21.31 200
21.32 200
21.33 201
21.34 201
21.35 200
21.36 201
21.37 200
21.38 202
21.39 201
21.4 202
21.41 200
21.42 203
21.43 202
21.44 201
21.45 201
21.46 203
21.47 202
21.48 201
21.49 201
21.5 203
21.51 202
21.52 202
21.53 201
21.54 202
21.55 203
21.56 202
21.57 202
21.58 202
21.59 203
21.6 200
21.61 202
21.62 202
21.63 202
21.64 201
21.65 201
21.66 201
21.67 203
21.68 202
21.69 201
21.7 202
21.71 203
21.72 203
21.73 203
21.74 203
21.75 205
21.76 204
21.77 203
21.78 204
21.79 205
21.8 204
21.81 203
21.82 204
21.83 205
21.84 204
21.85 204
21.86 204
21.87 204
21.88 205
21.89 204
21.9 205
21.91 204
21.92 205
21.93 202
21.94 205
21.95 204
21.96 204
21.97 203
21.98 204
21.99 203
22 204
22.01 203
22.02 204
22.03 203
22.04 204
22.05 203
22.06 204
22.07 203
22.08 205
22.09 204
22.1 204
22.11 204
22.12 205
22.13 204
22.14 204
22.15 204
22.16 205
22.17 204
22.18 205
22.19 204
22.2 204
22.21 205
22.22 205
22.23 205
22.24 204
22.25 205
22.26 203
22.27 205
22.28 204
22.29 205
22.3 204
22.31 204
22.32 203
22.33 204
22.34 205
22.35 204
22.36 203
22.37 204
22.38 204
22.39 204
22.4 203
22.41 205
22.42 205
22.43 204
22.44 204
22.45 205
22.46 205
22.47 205
22.48 204
22.49 205
22.5 205
22.51 205
22.52 204
22.53 204
22.54 206
22.55 203
22.56 205
22.57 204
22.58 206
22.59 203
22.6 205
22.61 204
22.62 206
22.63 204
22.64 204
22.65 203
22.66 205
22.67 203
22.68 204
22.69 203
22.7 205
22.71 203
22.72 204
22.73 203
22.74 206
22.75 205
22.76 205
22.77 204
22.78 206
22.79 203
22.8 205
22.81 204
22.82 206
22.83 203
22.84 205
22.85 204
22.86 205
22.87 204
22.88 204
22.89 205
22.9 205
22.91 205
22.92 204
22.93 205
22.94 205
22.95 205
22.96 204
22.97 204
22.98 204
22.99 203
23 203
23.01 204
23.02 204
23.03 204
23.04 203
23.05 204
23.06 204
23.07 204
23.08 205
23.09 205
23.1 205
23.11 205
23.12 204
23.13 205
23.14 205
23.15 205
23.16 204
23.17 205
23.18 205
23.19 205
23.2 205
23.21 204
23.22 206
23.23 203
23.24 205
23.25 204
23.26 206
23.27 203
23.28 205
23.29 204
23.3 205
23.31 204
23.32 204
23.33 203
23.34 205
23.35 203
23.36 204
23.37 203
23.38 205
23.39 203
23.4 205
23.41 206
23.42 207
23.43 205
23.44 206
23.45 205
23.46 207
23.47 204
23.48 206
23.49 205
23.5 207
23.51 204
23.52 206
23.53 206
23.54 206
23.55 205
23.56 205
23.57 206
23.58 206
23.59 206
23.6 205
23.61 206
23.62 206
23.63 206
23.64 205
23.65 205
23.66 205
23.67 204
23.68 204
23.69 205
23.7 205
23.71 204
23.72 204
23.73 206
23.74 208
23.75 208
23.76 207
23.77 207
23.78 207
23.79 208
23.8 206
23.81 207
23.82 207
23.83 208
23.84 206
23.85 207
23.86 208
23.87 207
23.88 207
23.89 206
23.9 208
23.91 207
23.92 208
23.93 207
23.94 209
23.95 208
23.96 208
23.97 207
23.98 208
23.99 207
24 207
24.01 208
24.02 208
24.03 207
24.04 207
24.05 208
24.06 208
24.07 207
24.08 207
24.09 208
24.1 209
24.11 208
24.12 209
24.13 208
24.14 210
24.15 209
24.16 209
24.17 208
24.18 210
24.19 210
24.2 209
24.21 209
24.22 209
24.23 210
24.24 207
24.25 209
24.26 209
24.27 210
24.28 210
24.29 210
24.3 210
24.31 210
24.32 211
24.33 209
24.34 212
24.35 211
24.36 212
24.37 210
24.38 212
24.39 211
24.4 210
24.41 210
24.42 212
24.43 213
24.44 212
24.45 212
24.46 212
24.47 213
24.48 212
24.49 212
24.5 212
24.51 213
24.52 213
24.53 212
24.54 213
24.55 212
24.56 214
24.57 211
24.58 214
24.59 213
24.6 214
24.61 211
24.62 214
24.63 213
24.64 213
24.65 214
24.66 213
24.67 214
24.68 213
24.69 214
24.7 213
24.71 215
24.72 214
24.73 214
24.74 215
24.75 215
24.76 214
24.77 215
24.78 216
24.79 216
24.8 215
24.81 216
24.82 214
24.83 216
24.84 215
24.85 215
24.86 215
24.87 215
24.88 217
24.89 216
24.9 218
24.91 216
24.92 217
24.93 217
24.94 219
24.95 217
24.96 218
24.97 218
24.98 219
24.99 221
25 219
25.01 220
25.02 220
25.03 221
25.04 218
25.05 220
25.06 220
25.07 221
25.08 219
25.09 220
25.1 220
25.11 221
25.12 218
25.13 220
25.14 220
25.15 221
25.16 220
25.17 220
25.18 221
25.19 220
25.2 221
25.21 218
25.22 221
25.23 221
25.24 222
25.25 219
25.26 222
25.27 223
25.28 223
25.29 222
25.3 223
25.31 223
25.32 224
25.33 226
25.34 226
25.35 226
25.36 225
25.37 226
25.38 227
25.39 226
25.4 226
25.41 225
25.42 225
25.43 225
25.44 226
25.45 226
25.46 226
25.47 226
25.48 227
25.49 226
25.5 227
25.51 227
25.52 227
25.53 228
25.54 228
25.55 228
25.56 227
25.57 228
25.58 228
25.59 228
25.6 227
25.61 228
25.62 231
25.63 230
25.64 229
25.65 229
25.66 231
25.67 230
25.68 229
25.69 230
25.7 231
25.71 231
25.72 232
25.73 231
25.74 232
25.75 231
25.76 232
25.77 232
25.78 233
25.79 232
25.8 233
25.81 233
25.82 234
25.83 234
25.84 233
25.85 234
25.86 234
25.87 234
25.88 234
25.89 235
25.9 235
25.91 235
25.92 235
25.93 235
25.94 235
25.95 234
25.96 236
25.97 237
25.98 239
25.99 240
26 238
26.01 239
26.02 240
26.03 239
26.04 242
26.05 242
26.06 242
26.07 243
26.08 242
26.09 243
26.1 243
26.11 244
26.12 242
26.13 241
26.14 242
26.15 243
26.16 242
26.17 242
26.18 243
26.19 244
26.2 243
26.21 245
26.22 244
26.23 245
26.24 245
26.25 244
26.26 245
26.27 245
26.28 246
26.29 245
26.3 248
26.31 246
26.32 247
26.33 248
26.34 250
26.35 249
26.36 249
26.37 249
26.38 251
26.39 250
26.4 252
26.41 254
26.42 253
26.43 253
26.44 254
26.45 253
26.46 254
26.47 253
26.48 255
26.49 254
26.5 253
26.51 254
26.52 254
26.53 255
26.54 254
26.55 253
26.56 256
26.57 255
26.58 257
26.59 257
26.6 257
26.61 256
26.62 259
26.63 259
26.64 258
26.65 258
26.66 259
26.67 260
26.68 259
26.69 258
26.7 262
26.71 261
26.72 262
26.73 262
26.74 263
26.75 264
26.76 263
26.77 262
26.78 265
26.79 267
26.8 266
26.81 267
26.82 269
26.83 269
26.84 268
26.85 269
26.86 269
26.87 271
26.88 268
26.89 269
26.9 271
26.91 270
26.92 270
26.93 270
26.94 273
26.95 273
26.96 272
26.97 272
26.98 273
26.99 275
27 274
27.01 275
27.02 275
27.03 276
27.04 276
27.05 276
27.06 276
27.07 276
27.08 278
27.09 278
27.1 281
27.11 279
27.12 279
27.13 280
27.14 279
27.15 280
27.16 279
27.17 279
27.18 280
27.19 282
27.2 282
27.21 282
27.22 282
27.23 283
27.24 284
27.25 284
27.26 284
27.27 287
27.28 285
27.29 286
27.3 286
27.31 285
27.32 286
27.33 286
27.34 287
27.35 286
27.36 285
27.37 286
27.38 286
27.39 284
27.4 286
27.41 287
27.42 287
27.43 286
27.44 287
27.45 286
27.46 288
27.47 286
27.48 284
27.49 285
27.5 287
27.51 287
27.52 286
27.53 287
27.54 287
27.55 288
27.56 287
27.57 288
27.58 290
27.59 290
27.6 292
27.61 291
27.62 292
27.63 293
27.64 294
27.65 294
27.66 295
27.67 294
27.68 294
27.69 295
27.7 294
27.71 295
27.72 294
27.73 294
27.74 295
27.75 294
27.76 294
27.77 295
27.78 294
27.79 295
27.8 294
27.81 293
27.82 295
27.83 296
27.84 294
27.85 294
27.86 294
27.87 295
27.88 297
27.89 296
27.9 297
27.91 296
27.92 295
27.93 295
27.94 296
27.95 295
27.96 294
27.97 296
27.98 299
27.99 299
28 300
28.01 299
28.02 299
28.03 298
28.04 298
28.05 299
28.06 299
28.07 298
28.08 300
28.09 299
28.1 298
28.11 299
28.12 298
28.13 297
28.14 299
28.15 300
28.16 298
28.17 298
28.18 298
28.19 299
28.2 298
28.21 297
28.22 299
28.23 300
28.24 297
28.25 298
28.26 299
28.27 299
28.28 298
28.29 297
28.3 299
28.31 300
28.32 299
28.33 299
28.34 298
28.35 299
28.36 298
28.37 297
28.38 299
28.39 298
28.4 300
28.41 299
28.42 298
28.43 299
28.44 300
28.45 300
28.46 300
28.47 300
28.48 299
28.49 296
28.5 296
28.51 293
28.52 294
28.53 293
28.54 294
28.55 294
28.56 294
28.57 294
28.58 294
28.59 293
28.6 294
28.61 293
28.62 293
28.63 294
28.64 295
28.65 294
28.66 294
28.67 293
28.68 294
28.69 293
28.7 293
28.71 294
28.72 294
28.73 293
28.74 292
28.75 290
28.76 291
28.77 290
28.78 291
28.79 291
28.8 291
28.81 289
28.82 288
28.83 286
28.84 282
28.85 273
28.86 265
28.87 256
28.88 262
28.89 267
28.9 264
28.91 255
28.92 247
28.93 238
28.94 230
28.95 221
28.96 212
28.97 203
28.98 194
28.99 186
29 177
29.01 168
29.02 160
29.03 151
29.04 142
29.05 133
29.06 124
29.07 116
29.08 107
29.09 97
29.1 90
29.11 81
29.12 72
29.13 63
29.14 55
29.15 46
29.16 37
29.17 28
29.18 20
29.19 11
29.2 2
29.21 0
29.22 0
29.23 0
29.24 0
29.25 0
29.26 0
29.27 0
29.28 0
29.29 12
29.3 104
29.31 99
29.32 94
29.33 89
29.34 85
29.35 80
29.36 70
29.37 70
29.38 72
29.39 73
29.4 76
29.41 76
29.42 78
29.43 80
29.44 81
29.45 82
29.46 83
29.47 86
29.48 87
29.49 87
29.5 91
29.51 91
29.52 95
29.53 99
29.54 91
29.55 88
29.56 89
29.57 88
29.58 91
29.59 90
29.6 90
29.61 91
29.62 92
29.63 93
29.64 92
29.65 94
29.66 95
29.67 94
29.68 96
29.69 95
29.7 97
29.71 96
29.72 98
29.73 98
29.74 99
29.75 96
29.76 98
29.77 98
29.78 96
29.79 98
29.8 98
29.81 99
29.82 99
29.83 99
29.84 99
29.85 101
29.86 102
29.87 102
29.88 103
29.89 102
29.9 103
29.91 103
29.92 104
29.93 103
29.94 106
29.95 106
29.96 104
29.97 106
29.98 106
29.99 105
30 105
30.01 107
30.02 107
30.03 108
30.04 107
30.05 108
30.06 108
30.07 109
30.08 109
30.09 110
30.1 109
30.11 111
30.12 110
30.13 111
30.14 110
30.15 112
30.16 112
30.17 111
30.18 114
30.19 113
30.2 113
30.21 112
30.22 115
30.23 112
30.24 114
30.25 113
30.26 115
30.27 116
30.28 115
30.29 113
30.3 116
30.31 115
30.32 116
30.33 116
30.34 117
30.35 116
30.36 116
30.37 118
30.38 118
30.39 118
30.4 117
30.41 119
30.42 119
30.43 119
30.44 118
30.45 120
30.46 121
30.47 120
30.48 120
30.49 122
30.5 124
30.51 123
30.52 122
30.53 123
30.54 125
30.55 125
30.56 124
30.57 124
30.58 125
30.59 126
30.6 125
30.61 127
30.62 126
30.63 127
30.64 126
30.65 127
30.66 127
30.67 127
30.68 128
30.69 127
30.7 130
30.71 128
30.72 129
30.73 130
30.74 133
30.75 133
30.76 132
30.77 131
30.78 133
30.79 134
30.8 133
30.81 133
30.82 133
30.83 135
30.84 134
30.85 134
30.86 136
30.87 134
30.88 136
30.89 135
30.9 137
30.91 134
30.92 136
30.93 136
30.94 136
30.95 138
30.96 137
30.97 137
30.98 139
30.99 143
31 142
31.01 142
31.02 142
31.03 143
31.04 143
31.05 143
31.06 143
31.07 143
31.08 144
31.09 144
31.1 144
31.11 144
31.12 145
31.13 144
31.14 147
31.15 145
31.16 146
31.17 146
31.18 146
31.19 146
31.2 146
31.21 147
31.22 147
31.23 146
31.24 147
31.25 156
31.26 156
31.27 156
31.28 157
31.29 156
31.3 156
31.31 157
31.32 158
31.33 157
31.34 157
31.35 157
31.36 159
31.37 159
31.38 159
31.39 160
31.4 157
31.41 160
31.42 160
31.43 161
31.44 159
31.45 160
31.46 161
31.47 160
31.48 162
31.49 160
31.5 161
31.51 162
31.52 173
31.53 177
31.54 178
31.55 179
31.56 179
31.57 178
31.58 179
31.59 180
31.6 179
31.61 181
31.62 179
31.63 181
31.64 181
31.65 180
31.66 180
31.67 180
31.68 182
31.69 181
31.7 183
31.71 183
31.72 182
31.73 181
31.74 182
31.75 182
31.76 182
31.77 183
31.78 183
31.79 182
31.8 190
31.81 198
31.82 210
31.83 211
31.84 210
31.85 211
31.86 213
31.87 212
31.88 213
31.89 213
31.9 213
31.91 213
31.92 213
31.93 212
31.94 213
31.95 214
31.96 213
31.97 212
31.98 213
31.99 215
32 215
32.01 214
32.02 214
32.03 214
32.04 215
32.05 214
32.06 214
32.07 214
32.08 216
32.09 215
32.1 216
32.11 215
32.12 217
32.13 218
32.14 221
32.15 221
32.16 222
32.17 222
32.18 224
32.19 223
32.2 224
32.21 222
32.22 225
32.23 225
32.24 224
32.25 225
32.26 223
32.27 225
32.28 224
32.29 223
32.3 224
32.31 226
32.32 225
32.33 226
32.34 227
32.35 225
32.36 226
32.37 225
32.38 227
32.39 225
32.4 227
32.41 226
32.42 228
32.43 226
32.44 226
32.45 227
32.46 229
32.47 228
32.48 230
32.49 229
32.5 231
32.51 231
32.52 230
32.53 230
32.54 232
32.55 231
32.56 231
32.57 231
32.58 233
32.59 232
32.6 233
32.61 231
32.62 233
32.63 233
32.64 232
32.65 232
32.66 233
32.67 234
32.68 233
32.69 232
32.7 233
32.71 234
32.72 233
32.73 233
32.74 233
32.75 234
32.76 235
32.77 234
32.78 235
32.79 234
32.8 237
32.81 236
32.82 236
32.83 236
32.84 237
32.85 238
32.86 238
32.87 237
32.88 236
32.89 236
32.9 238
32.91 237
32.92 236
32.93 236
32.94 238
32.95 239
32.96 238
32.97 238
32.98 238
32.99 239
33 238
33.01 237
33.02 238
33.03 239
33.04 239
33.05 238
33.06 240
33.07 240
33.08 241
33.09 240
33.1 240
33.11 240
33.12 241
33.13 240
33.14 241
33.15 240
33.16 240
33.17 240
33.18 242
33.19 241
33.2 241
33.21 240
33.22 242
33.23 239
33.24 241
33.25 240
33.26 241
33.27 240
33.28 240
33.29 242
33.3 242
33.31 244
33.32 242
33.33 243
33.34 244
33.35 245
33.36 244
33.37 245
33.38 246
33.39 246
33.4 245
33.41 246
33.42 248
33.43 249
33.44 249
33.45 249
33.46 249
33.47 250
33.48 251
33.49 251
33.5 252
33.51 251
33.52 253
33.53 252
33.54 253
33.55 252
33.56 253
33.57 254
33.58 254
33.59 254
33.6 255
33.61 255
33.62 256
33.63 256
33.64 257
33.65 256
33.66 257
33.67 256
33.68 257
33.69 256
33.7 256
33.71 258
33.72 256
33.73 257
33.74 257
33.75 256
33.76 257
33.77 258
33.78 256
33.79 258
33.8 256
33.81 257
33.82 258
33.83 256
33.84 257
33.85 258
33.86 258
33.87 256
33.88 256
33.89 257
33.9 257
33.91 256
33.92 256
33.93 257
33.94 258
33.95 257
33.96 256
33.97 255
33.98 257
33.99 258
34 255
34.01 256
34.02 258
34.03 257
34.04 258
34.05 255
34.06 257
34.07 258
34.08 256
34.09 256
34.1 258
34.11 257
34.12 257
34.13 256
34.14 257
34.15 258
34.16 256
34.17 257
34.18 259
34.19 258
34.2 258
34.21 257
34.22 258
34.23 258
34.24 257
34.25 257
34.26 259
34.27 258
34.28 257
34.29 257
34.3 259
34.31 259
34.32 258
34.33 258
34.34 257
34.35 258
34.36 257
34.37 256
34.38 258
34.39 258
34.4 258
34.41 257
34.42 257
34.43 258
34.44 259
34.45 256
34.46 258
34.47 259
34.48 258
34.49 257
34.5 258
34.51 258
34.52 259
34.53 256
34.54 258
34.55 257
34.56 258
34.57 256
34.58 257
34.59 258
34.6 257
34.61 256
34.62 258
34.63 257
34.64 258
34.65 258
34.66 258
34.67 259
34.68 258
34.69 258
34.7 259
34.71 258
34.72 256
34.73 256
34.74 258
34.75 256
34.76 257
34.77 256
34.78 257
34.79 257
34.8 256
34.81 256
34.82 258
34.83 256
34.84 257
34.85 256
34.86 256
34.87 257
34.88 258
34.89 256
34.9 257
34.91 256
34.92 258
34.93 257
34.94 257
34.95 258
34.96 259
34.97 257
34.98 258
34.99 257
35 258
35.01 257
35.02 258
35.03 259
35.04 258
35.05 257
35.06 258
35.07 259
35.08 259
35.09 258
35.1 258
35.11 259
35.12 258
35.13 257
35.14 259
35.15 258
35.16 259
35.17 257
35.18 258
35.19 259
35.2 257
35.21 257
35.22 259
35.23 258
35.24 258
35.25 258
35.26 258
35.27 259
35.28 257
35.29 256
35.3 259
35.31 258
35.32 256
35.33 256
35.34 258
35.35 256
35.36 257
35.37 256
35.38 257
35.39 258
35.4 259
35.41 256
35.42 259
35.43 258
35.44 259
35.45 257
35.46 259
35.47 258
35.48 257
35.49 256
35.5 256
35.51 257
35.52 258
35.53 257
35.54 257
35.55 258
35.56 257
35.57 256
35.58 256
35.59 257
35.6 258
35.61 256
35.62 257
35.63 258
35.64 257
35.65 256
35.66 258
35.67 257
35.68 259
35.69 256
35.7 258
35.71 259
35.72 258
35.73 257
35.74 259
35.75 258
35.76 259
35.77 259
35.78 259
35.79 258
35.8 259
35.81 257
35.82 259
35.83 258
35.84 257
35.85 257
35.86 259
35.87 257
35.88 258
35.89 257
35.9 258
35.91 258
35.92 257
35.93 257
35.94 259
35.95 257
35.96 258
35.97 257
35.98 257
35.99 258
36 259
36.01 257
36.02 258
36.03 257
36.04 258
36.05 256
36.06 257
36.07 256
36.08 257
36.09 256
36.1 256
36.11 257
36.12 258
36.13 255
36.14 258
36.15 260
36.16 259
36.17 259
36.18 259
36.19 260
36.2 259
36.21 259
36.22 259
36.23 258
36.24 259
36.25 257
36.26 258
36.27 259
36.28 257
36.29 257
36.3 259
36.31 258
36.32 258
36.33 257
36.34 258
36.35 259
36.36 257
36.37 257
36.38 259
36.39 257
36.4 258
36.41 258
36.42 258
36.43 260
36.44 258
36.45 258
36.46 260
36.47 258
36.48 259
36.49 259
36.5 259
36.51 260
36.52 260
36.53 259
36.54 260
36.55 261
36.56 260
36.57 259
36.58 260
36.59 261
36.6 260
36.61 259
36.62 259
36.63 258
36.64 259
36.65 258
36.66 258
36.67 259
36.68 260
36.69 259
36.7 259
36.71 260
36.72 259
36.73 258
36.74 258
36.75 259
36.76 260
36.77 258
36.78 259
36.79 260
36.8 262
36.81 260
36.82 261
36.83 262
36.84 261
36.85 261
36.86 262
36.87 261
36.88 262
36.89 261
36.9 263
36.91 262
36.92 263
36.93 262
36.94 263
36.95 262
36.96 263
36.97 262
36.98 261
36.99 262
37 260
37.01 261
37.02 261
37.03 260
37.04 261
37.05 262
37.06 261
37.07 261
37.08 260
37.09 261
37.1 261
37.11 260
37.12 261
37.13 262
37.14 260
37.15 261
37.16 262
37.17 261
37.18 264
37.19 263
37.2 262
37.21 263
37.22 265
37.23 263
37.24 263
37.25 264
37.26 264
37.27 263
37.28 264
37.29 265
37.3 265
37.31 264
37.32 264
37.33 266
37.34 266
37.35 265
37.36 265
37.37 264
37.38 265
37.39 264
37.4 264
37.41 265
37.42 264
37.43 265
37.44 265
37.45 263
37.46 265
37.47 264
37.48 264
37.49 264
37.5 264
37.51 265
37.52 265
37.53 263
37.54 265
37.55 264
37.56 267
37.57 266
37.58 268
37.59 268
37.6 268
37.61 267
37.62 267
37.63 268
37.64 267
37.65 267
37.66 270
37.67 269
37.68 268
37.69 268
37.7 270
37.71 269
37.72 270
37.73 268
37.74 270
37.75 269
37.76 270
37.77 267
37.78 269
37.79 270
37.8 268
37.81 268
37.82 270
37.83 269
37.84 269
37.85 269
37.86 269
37.87 270
37.88 268
37.89 268
37.9 270
37.91 268
37.92 269
37.93 268
37.94 270
37.95 272
37.96 271
37.97 271
37.98 271
37.99 271
38 272
38.01 270
38.02 271
38.03 272
38.04 271
38.05 273
38.06 273
38.07 273
38.08 272
38.09 273
38.1 275
38.11 274
38.12 273
38.13 272
38.14 272
38.15 271
38.16 272
38.17 273
38.18 273
38.19 272
38.2 271
38.21 272
38.22 274
38.23 271
38.24 272
38.25 273
38.26 273
38.27 272
38.28 272
38.29 272
38.3 274
38.31 271
38.32 272
38.33 275
38.34 275
38.35 276
38.36 275
38.37 274
38.38 276
38.39 275
38.4 274
38.41 273
38.42 275
38.43 276
38.44 276
38.45 276
38.46 277
38.47 278
38.48 278
38.49 278
38.5 279
38.51 278
38.52 278
38.53 277
38.54 278
38.55 279
38.56 277
38.57 277
38.58 279
38.59 277
38.6 278
38.61 277
38.62 278
38.63 278
38.64 277
38.65 277
38.66 279
38.67 277
38.68 278
38.69 277
38.7 277
38.71 279
38.72 280
38.73 280
38.74 281
38.75 280
38.76 281
38.77 279
38.78 280
38.79 281
38.8 279
38.81 280
38.82 281
38.83 281
38.84 282
38.85 283
38.86 284
38.87 283
38.88 283
38.89 285
38.9 285
38.91 285
38.92 284
38.93 283
38.94 285
38.95 284
38.96 283
38.97 284
38.98 286
38.99 285
39 284
39.01 284
39.02 285
39.03 284
39.04 283
39.05 284
39.06 286
39.07 285
39.08 284
39.09 285
39.1 285
39.11 284
39.12 286
39.13 285
39.14 286
39.15 287
39.16 288
39.17 285
39.18 287
39.19 288
39.2 287
39.21 286
39.22 287
39.23 288
39.24 290
39.25 290
39.26 290
39.27 291
39.28 293
39.29 292
39.3 294
39.31 295
39.32 295
39.33 294
39.34 296
39.35 294
39.36 294
39.37 295
39.38 294
39.39 294
39.4 295
39.41 294
39.42 295
39.43 294
39.44 294
39.45 295
39.46 294
39.47 294
39.48 295
39.49 293
39.5 295
39.51 294
39.52 294
39.53 296
39.54 297
39.55 298
39.56 295
39.57 296
39.58 298
39.59 297
39.6 296
39.61 297
39.62 297
39.63 298
39.64 298
39.65 298
39.66 298
39.67 299
39.68 299
39.69 299
39.7 300
39.71 297
39.72 298
39.73 298
39.74 299
39.75 298
39.76 298
39.77 299
39.78 298
39.79 299
39.8 298
39.81 297
39.82 299
39.83 300
39.84 298
39.85 298
39.86 298
39.87 299
39.88 298
39.89 297
39.9 299
39.91 300
39.92 298
39.93 299
39.94 299
39.95 300
39.96 298
39.97 298
39.98 300
39.99 299
40 299
40.01 298
40.02 299
40.03 300
40.04 299
40.05 298
40.06 298
40.07 298
40.08 300
40.09 300
40.1 299
40.11 299
40.12 299
40.13 299
40.14 300
40.15 299
40.16 298
40.17 297
40.18 299
40.19 298
40.2 299
40.21 296
40.22 298
40.23 299
40.24 297
40.25 297
40.26 299
40.27 298
40.28 298
40.29 298
40.3 298
40.31 299
40.32 297
40.33 297
40.34 299
40.35 296
40.36 292
40.37 288
40.38 281
40.39 271
40.4 262
40.41 253
40.42 246
40.43 236
40.44 227
40.45 219
40.46 212
40.47 208
40.48 206
40.49 204
40.5 202
40.51 193
40.52 183
40.53 180
40.54 184
40.55 190
40.56 191
40.57 184
40.58 176
40.59 166
40.6 157
40.61 149
40.62 141
40.63 131
40.64 122
40.65 114
40.66 106
40.67 96
40.68 87
40.69 78
40.7 70
40.71 61
40.72 52
40.73 44
40.74 35
40.75 27
40.76 22
40.77 25
40.78 106
40.79 97
40.8 93
40.81 92
40.82 95
40.83 92
40.84 87
40.85 84
40.86 88
40.87 91
40.88 99
40.89 183
40.9 178
40.91 172
40.92 163
40.93 158
40.94 156
40.95 159
40.96 159
40.97 161
40.98 162
40.99 164
41 164
41.01 168
41.02 167
41.03 164
41.04 162
41.05 157
41.06 149
41.07 144
41.08 145
41.09 144
41.1 145
41.11 144
41.12 148
41.13 149
41.14 151
41.15 152
41.16 154
41.17 155
41.18 160
41.19 163
41.2 156
41.21 156
41.22 157
41.23 159
41.24 158
41.25 158
41.26 160
41.27 159
41.28 161
41.29 161
41.3 164
41.31 162
41.32 165
41.33 161
41.34 162
41.35 161
41.36 162
41.37 162
41.38 164
41.39 165
41.4 164
41.41 166
41.42 166
41.43 168
41.44 167
41.45 167
41.46 170
41.47 170
41.48 169
41.49 168
41.5 169
41.51 169
41.52 169
41.53 170
41.54 170
41.55 171
41.56 170
41.57 169
41.58 173
41.59 172
41.6 175
41.61 174
41.62 174
41.63 175
41.64 173
41.65 175
41.66 176
41.67 176
41.68 176
41.69 175
41.7 177
41.71 178
41.72 177
41.73 179
41.74 179
41.75 179
41.76 179
41.77 179
41.78 181
41.79 180
41.8 180
41.81 180
41.82 183
41.83 182
41.84 182
41.85 182
41.86 183
41.87 184
41.88 184
41.89 186
41.9 186
41.91 186
41.92 187
41.93 187
41.94 188
41.95 187
41.96 187
41.97 187
41.98 189
41.99 188
42 188
42.01 188
42.02 190
42.03 190
42.04 191
42.05 189
42.06 191
42.07 192
42.08 191
42.09 190
42.1 192
42.11 193
42.12 192
42.13 194
42.14 193
42.15 194
42.16 195
42.17 194
42.18 196
42.19 196
42.2 198
42.21 198
42.22 198
42.23 197
42.24 197
42.25 196
42.26 197
42.27 198
42.28 197
42.29 199
42.3 197
42.31 199
42.32 199
42.33 200
42.34 201
42.35 201
42.36 201
42.37 200
42.38 203
42.39 200
42.4 202
42.41 202
42.42 204
42.43 204
42.44 204
42.45 204
42.46 204
42.47 206
42.48 205
42.49 204
42.5 205
42.51 207
42.52 206
42.53 207
42.54 208
42.55 207
42.56 207
42.57 207
42.58 209
42.59 208
42.6 209
42.61 210
42.62 210
42.63 210
42.64 210
42.65 211
42.66 212
42.67 212
42.68 213
42.69 210
42.7 214
42.71 213
42.72 212
42.73 212
42.74 212
42.75 212
42.76 214
42.77 213
42.78 213
42.79 212
42.8 215
42.81 214
42.82 214
42.83 216
42.84 216
42.85 216
42.86 218
42.87 217
42.88 216
42.89 216
42.9 219
42.91 218
42.92 219
42.93 217
42.94 220
42.95 220
42.96 219
42.97 220
42.98 219
42.99 221
43 220
43.01 221
43.02 219
43.03 222
43.04 221
43.05 221
43.06 221
43.07 221
43.08 222
43.09 222
43.1 224
43.11 221
43.12 223
43.13 222
43.14 225
43.15 225
43.16 225
43.17 224
43.18 224
43.19 226
43.2 225
43.21 223
43.22 225
43.23 224
43.24 225
43.25 223
43.26 225
43.27 225
43.28 224
43.29 225
43.3 224
43.31 226
43.32 225
43.33 226
43.34 227
43.35 227
43.36 227
43.37 226
43.38 228
43.39 227
43.4 227
43.41 229
43.42 229
43.43 228
43.44 228
43.45 227
43.46 228
43.47 230
43.48 227
43.49 229
43.5 229
43.51 230
43.52 229
43.53 229
43.54 230
43.55 231
43.56 229
43.57 230
43.58 231
43.59 230
43.6 229
43.61 229
43.62 231
43.63 230
43.64 231
43.65 231
43.66 232
43.67 232
43.68 231
43.69 232
43.7 230
43.71 232
43.72 232
43.73 233
43.74 231
43.75 232
43.76 234
43.77 234
43.78 234
43.79 232
43.8 234
43.81 233
43.82 235
43.83 232
43.84 234
43.85 233
43.86 235
43.87 234
43.88 235
43.89 235
43.9 237
43.91 236
43.92 236
43.93 235
43.94 237
43.95 236
43.96 236
43.97 235
43.98 235
43.99 235
44 234
44.01 234
44.02 237
44.03 236
44.04 237
44.05 234
44.06 237
44.07 236
44.08 237
44.09 238
44.1 238
44.11 238
44.12 239
44.13 238
44.14 237
44.15 238
44.16 237
44.17 236
44.18 237
44.19 239
44.2 239
44.21 238
44.22 238
44.23 238
44.24 239
44.25 238
44.26 238
44.27 240
44.28 239
44.29 240
44.3 241
44.31 240
44.32 240
44.33 239
44.34 239
44.35 240
44.36 239
44.37 240
44.38 240
44.39 240
44.4 239
44.41 240
44.42 241
44.43 239
44.44 239
44.45 240
44.46 242
44.47 241
44.48 240
44.49 242
44.5 242
44.51 241
44.52 241
44.53 241
44.54 241
44.55 242
44.56 239
44.57 241
44.58 241
44.59 242
44.6 242
44.61 242
44.62 242
44.63 242
44.64 243
44.65 240
44.66 243
44.67 242
44.68 243
44.69 241
44.7 243
44.71 242
44.72 243
44.73 241
44.74 243
44.75 243
44.76 242
44.77 242
44.78 243
44.79 244
44.8 243
44.81 242
44.82 243
44.83 244
44.84 243
44.85 243
44.86 244
44.87 243
44.88 244
44.89 243
44.9 244
44.91 243
44.92 245
44.93 242
44.94 246
44.95 245
44.96 245
44.97 247
44.98 248
44.99 248
45 249
45.01 248
45.02 249
45.03 248
45.04 249
45.05 248
45.06 249
45.07 248
45.08 248
45.09 248
45.1 248
45.11 248
45.12 250
45.13 249
45.14 250
45.15 250
45.16 252
45.17 251
45.18 252
45.19 253
45.2 253
45.21 254
45.22 254
45.23 255
45.24 254
45.25 255
45.26 256
45.27 256
45.28 255
45.29 257
45.3 257
45.31 256
45.32 255
45.33 256
45.34 258
45.35 256
45.36 255
45.37 257
45.38 258
45.39 258
45.4 257
45.41 257
45.42 259
45.43 258
45.44 258
45.45 256
45.46 258
45.47 259
45.48 256
45.49 257
45.5 257
45.51 258
45.52 256
45.53 256
45.54 258
45.55 257
45.56 257
45.57 257
45.58 259
45.59 258
45.6 259
45.61 256
45.62 258
45.63 259
45.64 256
45.65 257
45.66 259
45.67 258
45.68 257
45.69 256
45.7 258
45.71 259
45.72 257
45.73 257
45.74 259
45.75 261
45.76 261
45.77 260
45.78 261
45.79 260
45.8 261
45.81 260
45.82 260
45.83 260
45.84 260
45.85 259
45.86 259
45.87 260
45.88 261
45.89 260
45.9 260
45.91 261
45.92 260
45.93 259
45.94 260
45.95 260
45.96 261
45.97 261
45.98 261
45.99 260
46 261
46.01 260
46.02 260
46.03 261
46.04 262
46.05 259
46.06 261
46.07 261
46.08 261
46.09 260
46.1 260
46.11 261
46.12 262
46.13 261
46.14 262
46.15 262
46.16 261
46.17 262
46.18 261
46.19 262
46.2 261
46.21 261
46.22 263
46.23 261
46.24 260
46.25 261
46.26 261
46.27 260
46.28 261
46.29 262
46.3 262
46.31 261
46.32 261
46.33 261
46.34 261
46.35 261
46.36 262
46.37 263
46.38 263
46.39 263
46.4 263
46.41 262
46.42 264
46.43 263
46.44 262
46.45 263
46.46 265
46.47 262
46.48 263
46.49 264
46.5 265
46.51 265
46.52 264
46.53 264
46.54 266
46.55 265
46.56 265
46.57 264
46.58 263
46.59 264
46.6 264
46.61 262
46.62 264
46.63 263
46.64 263
46.65 263
46.66 263
46.67 264
46.68 264
46.69 262
46.7 264
46.71 263
46.72 262
46.73 264
46.74 268
46.75 266
46.76 266
46.77 267
46.78 267
46.79 267
46.8 266
46.81 266
46.82 267
46.83 266
46.84 267
46.85 267
46.86 266
46.87 267
46.88 267
46.89 267
46.9 268
46.91 269
46.92 268
46.93 268
46.94 268
46.95 270
46.96 267
46.97 267
46.98 268
46.99 269
47 267
47.01 267
47.02 269
47.03 268
47.04 267
47.05 268
47.06 268
47.07 269
47.08 267
47.09 267
47.1 269
47.11 268
47.12 269
47.13 269
47.14 269
47.15 270
47.16 269
47.17 270
47.18 268
47.19 269
47.2 270
47.21 268
47.22 269
47.23 270
47.24 269
47.25 269
47.26 269
47.27 271
47.28 271
47.29 271
47.3 271
47.31 271
47.32 272
47.33 271
47.34 272
47.35 271
47.36 270
47.37 271
47.38 271
47.39 270
47.4 271
47.41 272
47.42 272
47.43 271
47.44 272
47.45 271
47.46 271
47.47 270
47.48 271
47.49 272
47.5 272
47.51 271
47.52 274
47.53 272
47.54 274
47.55 273
47.56 273
47.57 273
47.58 273
47.59 274
47.6 273
47.61 272
47.62 274
47.63 273
47.64 272
47.65 274
47.66 274
47.67 276
47.68 273
47.69 275
47.7 276
47.71 277
47.72 275
47.73 277
47.74 277
47.75 277
47.76 276
47.77 276
47.78 278
47.79 276
47.8 277
47.81 277
47.82 276
47.83 277
47.84 276
47.85 276
47.86 277
47.87 276
47.88 277
47.89 277
47.9 278
47.91 277
47.92 278
47.93 276
47.94 277
47.95 278
47.96 277
47.97 276
47.98 278
47.99 277
48 278
48.01 276
48.02 277
48.03 278
48.04 277
48.05 277
48.06 281
48.07 280
48.08 282
48.09 281
48.1 283
48.11 283
48.12 282
48.13 283
48.14 285
48.15 282
48.16 283
48.17 284
48.18 284
48.19 283
48.2 282
48.21 283
48.22 285
48.23 282
48.24 283
48.25 284
48.26 284
48.27 283
48.28 284
48.29 285
48.3 285
48.31 284
48.32 284
48.33 284
48.34 284
48.35 284
48.36 285
48.37 283
48.38 285
48.39 284
48.4 284
48.41 284
48.42 284
48.43 283
48.44 284
48.45 287
48.46 288
48.47 290
48.48 290
48.49 290
48.5 290
48.51 291
48.52 293
48.53 291
48.54 293
48.55 293
48.56 292
48.57 292
48.58 292
48.59 292
48.6 293
48.61 291
48.62 293
48.63 293
48.64 291
48.65 292
48.66 292
48.67 292
48.68 293
48.69 292
48.7 295
48.71 293
48.72 294
48.73 295
48.74 295
48.75 294
48.76 293
48.77 294
48.78 296
48.79 293
48.8 294
48.81 295
48.82 295
48.83 293
48.84 295
48.85 296
48.86 297
48.87 299
48.88 298
48.89 298
48.9 298
48.91 300
48.92 298
48.93 299
48.94 299
48.95 298
48.96 297
48.97 298
48.98 300
48.99 298
49 298
49.01 297
49.02 299
49.03 298
49.04 297
49.05 298
49.06 300
49.07 297
49.08 298
49.09 299
49.1 299
49.11 298
49.12 298
49.13 299
49.14 299
49.15 299
49.16 298
49.17 298
49.18 300
49.19 298
49.2 298
49.21 299
49.22 298
49.23 299
49.24 298
49.25 298
49.26 300
49.27 299
49.28 300
49.29 298
49.3 300
49.31 299
49.32 298
49.33 299
49.34 299
49.35 300
49.36 300
49.37 299
49.38 299
49.39 299
49.4 299
49.41 298
49.42 298
49.43 299
49.44 300
49.45 299
49.46 299
49.47 300
49.48 299
49.49 299
49.5 298
49.51 299
49.52 299
49.53 299
49.54 299
49.55 300
49.56 299
49.57 298
49.58 299
49.59 299
49.6 300
49.61 298
49.62 299
49.63 300
49.64 299
49.65 298
49.66 300
49.67 298
49.68 296
49.69 293
49.7 292
49.71 288
49.72 286
49.73 284
49.74 283
49.75 274
49.76 265
49.77 260
49.78 255
49.79 245
49.8 236
49.81 227
49.82 219
49.83 210
49.84 201
49.85 192
49.86 184
49.87 175
49.88 166
49.89 157
49.9 149
49.91 140
49.92 131
49.93 125
49.94 130
49.95 132
49.96 129
49.97 120
49.98 111
49.99 103
