0.01 0
0.02 0
0.03 0
0.04 0
0.05 0
0.06 0
0.07 0
0.08 0
0.09 0
0.1 0
0.11 0
0.12 0
0.13 0
0.14 0
0.15 0
0.16 0
0.17 0
0.18 0
0.19 1176
0.2 57624
0.21 3528
0.22 0
0.23 0
0.24 44100
0.25 98784
0.26 148176
0.27 181692
0.28 216384
0.29 254604
0.3 289884
0.31 321048
0.32 347508
0.33 361620
0.34 376908
0.35 398076
0.36 395724
0.37 396312
0.38 398664
0.39 396312
0.4 388080
0.41 383964
0.42 379260
0.43 380436
0.44 367500
0.45 352212
0.46 341040
0.47 330456
0.48 303996
0.49 279300
0.5 257544
0.51 232260
0.52 211680
0.53 190512
0.54 171696
0.55 153468
0.56 132888
0.57 116424
0.58 96432
0.59 86436
0.6 81144
0.61 79380
0.62 73500
0.63 58800
0.64 52920
0.65 47040
0.66 36456
0.67 28812
0.68 11172
0.69 0
0.7 0
0.71 0
0.72 0
0.73 0
0.74 0
0.75 0
0.76 0
0.77 0
0.78 0
0.79 0
0.8 0
0.81 4116
0.82 6468
0.83 9996
0.84 13524
0.85 14700
0.86 20580
0.87 23520
0.88 25284
0.89 29988
0.9 31164
0.91 34692
0.92 39396
0.93 41160
0.94 44688
0.95 48216
0.96 48216
0.97 51156
0.98 57036
0.99 58212
1 61152
1.01 65268
1.02 67032
1.03 69384
1.04 73500
1.05 75852
1.06 77616
1.07 80556
1.08 84084
1.09 85848
1.1 88200
1.11 91728
1.12 93492
1.13 96432
1.14 99372
1.15 102312
1.16 104664
1.17 107604
1.18 109956
1.19 111720
1.2 114072
1.21 117012
1.22 119952
1.23 121716
1.24 125244
1.25 127596
1.26 128772
1.27 131124
1.28 132888
1.29 135828
1.3 137592
1.31 139356
1.32 143472
1.33 147588
1.34 150528
1.35 151704
1.36 155232
1.37 157584
1.38 157584
1.39 153468
1.4 149940
1.41 151116
1.42 154056
1.43 140532
1.44 139944
1.45 142884
1.46 140532
1.47 139944
1.48 147000
1.49 135828
1.5 129360
1.51 126420
1.52 128184
1.53 131712
1.54 126420
1.55 130536
1.56 134652
1.57 139944
1.58 143472
1.59 147000
1.6 149352
1.61 129948
1.62 130536
1.63 137592
1.64 140532
1.65 144060
1.66 147588
1.67 149352
1.68 152292
1.69 158760
1.7 161700
1.71 161700
1.72 165228
1.73 165816
1.74 168756
1.75 170520
1.76 171108
1.77 176400
1.78 179928
1.79 188160
1.8 191688
1.81 195804
1.82 198744
1.83 198156
1.84 200508
1.85 202272
1.86 212856
1.87 214620
1.88 218736
1.89 218736
1.9 215208
1.91 206388
1.92 198156
1.93 190512
1.94 186396
1.95 183456
1.96 184632
1.97 186396
1.98 172284
1.99 173460
2 171696
2.01 165228
2.02 162876
2.03 166404
2.04 164052
2.05 166992
2.06 166992
2.07 171108
2.08 173460
2.09 175224
2.1 178164
2.11 179928
2.12 182280
2.13 179340
2.14 181692
2.15 180516
2.16 176400
2.17 176400
2.18 174048
2.19 176400
2.2 178752
2.21 178164
2.22 181692
2.23 182280
2.24 176988
2.25 175812
2.26 178164
2.27 181692
2.28 184044
2.29 179928
2.3 181692
2.31 186984
2.32 182868
2.33 177576
2.34 182280
2.35 184632
2.36 178164
2.37 179340
2.38 178164
2.39 178752
2.4 178752
2.41 168756
2.42 171696
2.43 174048
2.44 176400
2.45 179928
2.46 165228
2.47 166404
2.48 166992
2.49 162876
2.5 166404
2.51 169932
2.52 171696
2.53 164640
2.54 166992
2.55 168756
2.56 166992
2.57 170520
2.58 168756
2.59 166992
2.6 169932
2.61 170520
2.62 171696
2.63 175224
2.64 175812
2.65 178752
2.66 184044
2.67 182280
2.68 182868
2.69 185808
2.7 185220
2.71 188748
2.72 183456
2.73 177576
2.74 174048
2.75 178164
2.76 174048
2.77 172284
2.78 164640
2.79 166992
2.8 171108
2.81 168756
2.82 172284
2.83 174636
2.84 178164
2.85 175224
2.86 171696
2.87 171108
2.88 172284
2.89 167580
2.9 170520
2.91 171696
2.92 172872
2.93 174636
2.94 171108
2.95 174636
2.96 175812
2.97 176400
2.98 179928
2.99 182280
3 184632
3.01 181104
3.02 178752
3.03 181104
3.04 178752
3.05 178164
3.06 179928
3.07 184044
3.08 186396
3.09 188160
3.1 191100
3.11 193452
3.12 191100
3.13 189336
3.14 186984
3.15 189924
3.16 190512
3.17 186396
3.18 188748
3.19 189336
3.2 189924
3.21 187572
3.22 186396
3.23 184632
3.24 185808
3.25 185808
3.26 182280
3.27 178752
3.28 182868
3.29 184632
3.3 188748
3.31 192864
3.32 188748
3.33 191688
3.34 191100
3.35 181104
3.36 181692
3.37 184632
3.38 186396
3.39 191100
3.4 194040
3.41 196980
3.42 198744
3.43 198156
3.44 198744
3.45 198744
3.46 202272
3.47 204036
3.48 206388
3.49 211092
3.5 212856
3.51 209328
3.52 203448
3.53 198744
3.54 198744
3.55 200508
3.56 202860
3.57 201684
3.58 202272
3.59 201684
3.6 199920
3.61 201684
3.62 194040
3.63 192864
3.64 192864
3.65 192864
3.66 186984
3.67 185220
3.68 179928
3.69 178752
3.7 181692
3.71 181692
3.72 172872
3.73 174048
3.74 176988
3.75 172284
3.76 170520
3.77 167580
3.78 171696
3.79 168168
3.8 169932
3.81 166404
3.82 155232
3.83 151116
3.84 150528
3.85 148176
3.86 149352
3.87 153468
3.88 151116
3.89 145824
3.9 145236
3.91 141708
3.92 146412
3.93 142296
3.94 145236
3.95 148176
3.96 148764
3.97 152292
3.98 152880
3.99 154644
4 158760
4.01 162288
4.02 165816
4.03 168168
4.04 171108
4.05 175224
4.06 175812
4.07 178752
4.08 183456
4.09 186984
4.1 186984
4.11 185808
4.12 186984
4.13 189924
4.14 193452
4.15 196392
4.16 199332
4.17 203448
4.18 207564
4.19 207564
4.2 205212
4.21 206976
4.22 209916
4.23 212268
4.24 215208
4.25 218736
4.26 221088
4.27 222264
4.28 224616
4.29 221088
4.3 216972
4.31 220500
4.32 220500
4.33 219912
4.34 222264
4.35 224616
4.36 227556
4.37 224028
4.38 224616
4.39 225792
4.4 225204
4.41 222852
4.42 223440
4.43 225204
4.44 223440
4.45 223440
4.46 224616
4.47 227556
4.48 222264
4.49 218736
4.5 221088
4.51 223440
4.52 224616
4.53 226380
4.54 229908
4.55 220500
4.56 222852
4.57 215208
4.58 217560
4.59 216972
4.6 207564
4.61 208740
4.62 209916
4.63 211680
4.64 215208
4.65 218148
4.66 220500
4.67 216972
4.68 215208
4.69 216384
4.7 214620
4.71 216384
4.72 218148
4.73 220500
4.74 222852
4.75 222852
4.76 225204
4.77 226380
4.78 227556
4.79 226380
4.8 222264
4.81 224028
4.82 223440
4.83 225792
4.84 224028
4.85 224616
4.86 226968
4.87 225792
4.88 223440
4.89 222264
4.9 224028
4.91 224616
4.92 224028
4.93 223440
4.94 224028
4.95 225204
4.96 222852
4.97 214620
4.98 212856
4.99 214620
5 211092
5.01 209916
5.02 209328
5.03 200508
5.04 197568
5.05 201096
5.06 200508
5.07 194040
5.08 196980
5.09 189336
5.1 190512
5.11 192276
5.12 189336
5.13 190512
5.14 193452
5.15 191688
5.16 189336
5.17 187572
5.18 188748
5.19 180516
5.2 176400
5.21 179340
5.22 171696
5.23 174048
5.24 172872
5.25 171696
5.26 175224
5.27 176400
5.28 179928
5.29 184044
5.3 186984
5.31 187572
5.32 190512
5.33 188748
5.34 188160
5.35 188160
5.36 190512
5.37 194040
5.38 197568
5.39 197568
5.4 196980
5.41 200508
5.42 203448
5.43 204036
5.44 202860
5.45 199920
5.46 203448
5.47 205212
5.48 203448
5.49 202860
5.5 204624
5.51 205212
5.52 206976
5.53 210504
5.54 208740
5.55 212856
5.56 212856
5.57 210504
5.58 205800
5.59 208740
5.6 209916
5.61 210504
5.62 212856
5.63 209328
5.64 214032
5.65 213444
5.66 215208
5.67 212268
5.68 202860
5.69 199920
5.7 199920
5.71 201096
5.72 200508
5.73 201096
5.74 201684
5.75 202860
5.76 189924
5.77 192276
5.78 193452
5.79 175812
5.8 172872
5.81 172872
5.82 174636
5.83 172284
5.84 168168
5.85 168756
5.86 169344
5.87 165228
5.88 165816
5.89 165816
5.9 167580
5.91 166404
5.92 158760
5.93 152880
5.94 153468
5.95 146412
5.96 136416
5.97 135240
5.98 138180
5.99 140532
6 133476
6.01 129360
6.02 125244
6.03 124656
6.04 126420
6.05 130536
6.06 127596
6.07 128184
6.08 130536
6.09 132300
6.1 132888
6.11 137592
6.12 140532
6.13 143472
6.14 147588
6.15 149940
6.16 153468
6.17 156408
6.18 158172
6.19 161112
6.2 165228
6.21 167580
6.22 169344
6.23 172872
6.24 169932
6.25 172284
6.26 173460
6.27 175812
6.28 177576
6.29 178752
6.3 180516
6.31 179928
6.32 184044
6.33 180516
6.34 182868
6.35 181692
6.36 183456
6.37 184632
6.38 172284
6.39 173460
6.4 176988
6.41 179340
6.42 177576
6.43 178164
6.44 174636
6.45 175812
6.46 168756
6.47 169344
6.48 167580
6.49 170520
6.5 164640
6.51 164052
6.52 165228
6.53 167580
6.54 162288
6.55 158760
6.56 157584
6.57 158172
6.58 158760
6.59 149940
6.6 154056
6.61 152880
6.62 154644
6.63 158760
6.64 153468
6.65 151116
6.66 153468
6.67 156996
6.68 160524
6.69 162876
6.7 165816
6.71 169932
6.72 168756
6.73 167580
6.74 170520
6.75 174048
6.76 178752
6.77 179928
6.78 179928
6.79 183456
6.8 182868
6.81 186396
6.82 188748
6.83 190512
6.84 191688
6.85 194628
6.86 188748
6.87 191688
6.88 186396
6.89 182280
6.9 179340
6.91 179928
6.92 181692
6.93 183456
6.94 184632
6.95 172872
6.96 165228
6.97 157584
6.98 159936
6.99 155820
7 150528
7.01 148176
7.02 141120
7.03 137004
7.04 138768
7.05 138180
7.06 141120
7.07 136416
7.08 129948
7.09 135240
7.1 132888
7.11 131712
7.12 129948
7.13 132300
7.14 133476
7.15 138768
7.16 141120
7.17 145236
7.18 147000
7.19 151116
7.2 154644
7.21 159348
7.22 162288
7.23 166992
7.24 166992
7.25 170520
7.26 174636
7.27 176988
7.28 179340
7.29 183456
7.3 185220
7.31 189336
7.32 190512
7.33 191100
7.34 194628
7.35 196392
7.36 200508
7.37 203448
7.38 206976
7.39 209328
7.4 212856
7.41 211680
7.42 212856
7.43 215208
7.44 215208
7.45 214620
7.46 213444
7.47 216972
7.48 217560
7.49 220500
7.5 222852
7.51 215208
7.52 217560
7.53 220500
7.54 218736
7.55 218148
7.56 222264
7.57 223440
7.58 224616
7.59 227556
7.6 229908
7.61 232260
7.62 231672
7.63 226968
7.64 220500
7.65 220500
7.66 221676
7.67 219324
7.68 222264
7.69 218736
7.7 217560
7.71 215208
7.72 215796
7.73 208740
7.74 207564
7.75 204624
7.76 202272
7.77 204036
7.78 206388
7.79 205800
7.8 204624
7.81 206388
7.82 209328
7.83 212268
7.84 208152
7.85 207564
7.86 209328
7.87 212856
7.88 216384
7.89 214620
7.9 208740
7.91 205212
7.92 205212
7.93 199332
7.94 203448
7.95 204036
7.96 205800
7.97 206976
7.98 200508
7.99 186984
8 188160
8.01 186984
8.02 189336
8.03 191100
8.04 192276
8.05 194040
8.06 192864
8.07 187572
8.08 187572
8.09 189336
8.1 185808
8.11 186984
8.12 183456
8.13 172284
8.14 172284
8.15 171108
8.16 164052
8.17 166992
8.18 163464
8.19 165816
8.2 162876
8.21 165228
8.22 169344
8.23 164052
8.24 164640
8.25 166992
8.26 159936
8.27 164052
8.28 165228
8.29 161700
8.3 159936
8.31 154056
8.32 157584
8.33 160524
8.34 164052
8.35 167580
8.36 168756
8.37 169344
8.38 165228
8.39 165816
8.4 168168
8.41 168168
8.42 168168
8.43 168756
8.44 171108
8.45 166992
8.46 167580
8.47 165816
8.48 161700
8.49 164640
8.5 167580
8.51 167580
8.52 156408
8.53 156996
8.54 150528
8.55 140532
8.56 144060
8.57 144060
8.58 144060
8.59 133476
8.6 129948
8.61 131712
8.62 135828
8.63 135240
8.64 138180
8.65 141708
8.66 141708
8.67 141708
8.68 144648
8.69 147588
8.7 148764
8.71 152880
8.72 155232
8.73 157584
8.74 156408
8.75 159936
8.76 162288
8.77 166404
8.78 167580
8.79 169932
8.8 173460
8.81 174048
8.82 176988
8.83 181104
8.84 184044
8.85 185220
8.86 189924
8.87 188748
8.88 189336
8.89 194040
8.9 197568
8.91 201684
8.92 204624
8.93 205212
8.94 207564
8.95 209916
8.96 211680
8.97 212856
8.98 209328
8.99 210504
9 213444
9.01 215796
9.02 216972
9.03 218736
9.04 216972
9.05 211680
9.06 205800
9.07 203448
9.08 206976
9.09 208740
9.1 202272
9.11 189924
9.12 189336
9.13 174636
9.14 169932
9.15 171696
9.16 172284
9.17 175224
9.18 175812
9.19 171696
9.2 164640
9.21 164052
9.22 159348
9.23 161700
9.24 160524
9.25 163464
9.26 159936
9.27 152292
9.28 143472
9.29 139356
9.3 137004
9.31 139356
9.32 138768
9.33 140532
9.34 129948
9.35 129360
9.36 126420
9.37 129360
9.38 129360
9.39 134064
9.4 134652
9.41 134652
9.42 130536
9.43 134064
9.44 131712
9.45 135240
9.46 134064
9.47 137592
9.48 141708
9.49 144648
9.5 147000
9.51 149940
9.52 148764
9.53 152880
9.54 152880
9.55 155232
9.56 157584
9.57 161112
9.58 158760
9.59 154644
9.6 146412
9.61 149940
9.62 152880
9.63 155232
9.64 155232
9.65 157584
9.66 161700
9.67 165816
9.68 169344
9.69 169932
9.7 171696
9.71 172872
9.72 175812
9.73 176988
9.74 179340
9.75 180516
9.76 183456
9.77 182868
9.78 184044
9.79 178752
9.8 175224
9.81 175812
9.82 171108
9.83 174048
9.84 174048
9.85 172872
9.86 171108
9.87 168756
9.88 165228
9.89 164640
9.9 158760
9.91 162876
9.92 165816
9.93 169344
9.94 171696
9.95 171108
9.96 165816
9.97 166992
9.98 163464
9.99 165228
10 155232
10.01 154056
10.02 156408
10.03 158172
10.04 161112
10.05 164052
10.06 167580
10.07 169344
10.08 168756
10.09 167580
10.1 169932
10.11 172872
10.12 174048
10.13 177576
10.14 179340
10.15 182868
10.16 183456
10.17 183456
10.18 186396
10.19 189336
10.2 186984
10.21 186396
10.22 188748
10.23 191688
10.24 189924
10.25 176400
10.26 178164
10.27 176400
10.28 177576
10.29 169932
10.3 171108
10.31 168168
10.32 165228
10.33 162876
10.34 155232
10.35 158172
10.36 155820
10.37 151116
10.38 149352
10.39 145824
10.4 145824
10.41 142296
10.42 146412
10.43 148176
10.44 148764
10.45 152292
10.46 155232
10.47 156408
10.48 155820
10.49 159348
10.5 164640
10.51 167580
10.52 167580
10.53 169344
10.54 173460
10.55 175812
10.56 179928
10.57 183456
10.58 182280
10.59 179928
10.6 180516
10.61 181692
10.62 182868
10.63 186396
10.64 188160
10.65 191100
10.66 193452
10.67 195804
10.68 191688
10.69 196392
10.7 189336
10.71 191100
10.72 194040
10.73 196392
10.74 198744
10.75 196392
10.76 198156
10.77 200508
10.78 199332
10.79 201684
10.8 203448
10.81 201684
10.82 199332
10.83 196980
10.84 199332
10.85 200508
10.86 200508
10.87 202272
10.88 204036
10.89 199920
10.9 196392
10.91 199920
10.92 196392
10.93 194040
10.94 185808
10.95 182868
10.96 185808
10.97 180516
10.98 181692
10.99 179928
11 175812
11.01 177576
11.02 179928
11.03 181692
11.04 184632
11.05 178752
11.06 178164
11.07 180516
11.08 175224
11.09 168756
11.1 164640
11.11 164052
11.12 166404
11.13 169344
11.14 165816
11.15 166992
11.16 166404
11.17 169344
11.18 171696
11.19 169932
11.2 165228
11.21 167580
11.22 161112
11.23 163464
11.24 166404
11.25 168168
11.26 166992
11.27 171696
11.28 174636
11.29 176988
11.3 171108
11.31 175224
11.32 175812
11.33 175224
11.34 176988
11.35 172872
11.36 166992
11.37 161700
11.38 156996
11.39 159348
11.4 161112
11.41 161700
11.42 165228
11.43 165228
11.44 165816
11.45 163464
11.46 159936
11.47 163464
11.48 162288
11.49 161112
11.5 164640
11.51 162288
11.52 162876
11.53 158172
11.54 160524
11.55 163464
11.56 166404
11.57 163464
11.58 161700
11.59 165816
11.6 169932
11.61 170520
11.62 171696
11.63 175812
11.64 177576
11.65 176400
11.66 177576
11.67 180516
11.68 184044
11.69 184632
11.7 181692
11.71 183456
11.72 184044
11.73 185808
11.74 185220
11.75 181692
11.76 174636
11.77 176988
11.78 178164
11.79 176988
11.8 176400
11.81 177576
11.82 178752
11.83 182280
11.84 179340
11.85 179928
11.86 184044
11.87 178164
11.88 169344
11.89 154056
11.9 149940
11.91 152292
11.92 155820
11.93 159348
11.94 159348
11.95 163464
11.96 162876
11.97 166404
11.98 166992
11.99 165228
12 165816
12.01 159936
12.02 159936
12.03 164052
12.04 158760
12.05 162876
12.06 165228
12.07 168756
12.08 168168
12.09 171696
12.1 174636
12.11 177576
12.12 178164
12.13 182868
12.14 183456
12.15 185220
12.16 186984
12.17 185220
12.18 184044
12.19 183456
12.2 186396
12.21 190512
12.22 194628
12.23 192276
12.24 193452
12.25 197568
12.26 191688
12.27 192864
12.28 188160
12.29 189336
12.3 191688
12.31 194628
12.32 186396
12.33 182868
12.34 183456
12.35 184632
12.36 184044
12.37 181104
12.38 183456
12.39 186396
12.4 186396
12.41 186396
12.42 182280
12.43 185808
12.44 185220
12.45 186984
12.46 176988
12.47 169932
12.48 172284
12.49 172872
12.5 170520
12.51 170520
12.52 175224
12.53 173460
12.54 167580
12.55 167580
12.56 168168
12.57 169932
12.58 168756
12.59 171108
12.6 175812
12.61 178752
12.62 176400
12.63 175812
12.64 176400
12.65 178164
12.66 176988
12.67 170520
12.68 173460
12.69 176988
12.7 180516
12.71 182868
12.72 184044
12.73 178752
12.74 168756
12.75 152880
12.76 155820
12.77 159348
12.78 161700
12.79 162876
12.8 163464
12.81 165228
12.82 164640
12.83 164052
12.84 167580
12.85 170520
12.86 171696
12.87 175812
12.88 172872
12.89 176400
12.9 176400
12.91 168756
12.92 170520
12.93 174048
12.94 176400
12.95 179340
12.96 184044
12.97 186396
12.98 189336
12.99 192864
13 194628
13.01 195804
13.02 198156
13.03 198744
13.04 195216
13.05 192276
13.06 194628
13.07 186984
13.08 186984
13.09 182280
13.1 185220
13.11 186396
13.12 183456
13.13 182868
13.14 182868
13.15 179928
13.16 181692
13.17 186396
13.18 188748
13.19 185808
13.2 185808
13.21 179928
13.22 175812
13.23 176988
13.24 178752
13.25 178752
13.26 182280
13.27 183456
13.28 180516
13.29 171108
13.3 174048
13.31 177576
13.32 178164
13.33 180516
13.34 181692
13.35 183456
13.36 184632
13.37 182280
13.38 184044
13.39 186396
13.4 188748
13.41 181104
13.42 180516
13.43 182280
13.44 184632
13.45 182280
13.46 184044
13.47 181692
13.48 181104
13.49 175812
13.5 168168
13.51 165816
13.52 161112
13.53 152292
13.54 154056
13.55 156408
13.56 152292
13.57 142296
13.58 144060
13.59 141708
13.6 135828
13.61 139356
13.62 138180
13.63 141708
13.64 143472
13.65 141708
13.66 137004
13.67 139944
13.68 141120
13.69 144648
13.7 148764
13.71 152292
13.72 155820
13.73 154644
13.74 158172
13.75 161700
13.76 162288
13.77 164052
13.78 167580
13.79 170520
13.8 173460
13.81 177576
13.82 181692
13.83 182868
13.84 186396
13.85 189336
13.86 191688
13.87 194628
13.88 196392
13.89 197568
13.9 201684
13.91 205800
13.92 206388
13.93 208152
13.94 206976
13.95 209916
13.96 208152
13.97 204624
13.98 206976
13.99 210504
14 212268
14.01 212856
14.02 214620
14.03 208740
14.04 211680
14.05 214032
14.06 212856
14.07 210504
14.08 214032
14.09 214620
14.1 212856
14.11 215796
14.12 212856
14.13 215796
14.14 214620
14.15 207564
14.16 209916
14.17 209916
14.18 212268
14.19 212268
14.2 214620
14.21 208152
14.22 210504
14.23 209916
14.24 204036
14.25 198156
14.26 195216
14.27 195216
14.28 196980
14.29 199920
14.3 199332
14.31 201096
14.32 193452
14.33 184632
14.34 178164
14.35 176400
14.36 173460
14.37 172872
14.38 175224
14.39 178164
14.4 173460
14.41 176400
14.42 179928
14.43 179928
14.44 168168
14.45 162876
14.46 165228
14.47 165816
14.48 166992
14.49 164640
14.5 161700
14.51 160524
14.52 155820
14.53 158172
14.54 151116
14.55 146412
14.56 138768
14.57 138180
14.58 137592
14.59 137592
14.6 134064
14.61 137004
14.62 139356
14.63 141120
14.64 128184
14.65 126420
14.66 131124
14.67 136416
14.68 135240
14.69 138180
14.7 141120
14.71 144060
14.72 145824
14.73 149940
14.74 153468
14.75 157584
14.76 155820
14.77 158172
14.78 161112
14.79 163464
14.8 166404
14.81 170520
14.82 174048
14.83 176400
14.84 179340
14.85 181692
14.86 182868
14.87 186396
14.88 188748
14.89 189924
14.9 193452
14.91 194040
14.92 196392
14.93 198744
14.94 199920
14.95 201684
14.96 198156
14.97 202272
14.98 205212
14.99 205800
15 204036
15.01 201096
15.02 200508
15.03 198744
15.04 197568
15.05 195216
15.06 189924
15.07 192276
15.08 190512
15.09 186984
15.1 189336
15.11 186984
15.12 179928
15.13 181692
15.14 184632
15.15 180516
15.16 178752
15.17 179928
15.18 175812
15.19 175812
15.2 176988
15.21 173460
15.22 172284
15.23 169932
15.24 160524
15.25 161700
15.26 161700
15.27 159936
15.28 158172
15.29 161700
15.3 163464
15.31 166992
15.32 169344
15.33 170520
15.34 161700
15.35 162288
15.36 165228
15.37 167580
15.38 169344
15.39 171108
15.4 174048
15.41 176988
15.42 176400
15.43 178752
15.44 180516
15.45 182280
15.46 181104
15.47 185808
15.48 182868
15.49 171108
15.5 165228
15.51 166992
15.52 169344
15.53 170520
15.54 168168
15.55 165228
15.56 165816
15.57 162288
15.58 159936
15.59 161700
15.6 155820
15.61 149940
15.62 148176
15.63 146412
15.64 150528
15.65 151704
15.66 149352
15.67 152292
15.68 141120
15.69 131712
15.7 122892
15.71 118188
15.72 122304
15.73 125832
15.74 128772
15.75 132888
15.76 135240
15.77 132888
15.78 135828
15.79 139356
15.8 141708
15.81 146412
15.82 149352
15.83 150528
15.84 149940
15.85 152880
15.86 155232
15.87 157584
15.88 161112
15.89 164640
15.9 164052
15.91 168756
15.92 171696
15.93 174048
15.94 176400
15.95 176988
15.96 179928
15.97 184044
15.98 185808
15.99 188748
16 192864
16.01 192864
16.02 186984
16.03 187572
16.04 189336
16.05 191100
16.06 192864
16.07 194040
16.08 196392
16.09 197568
16.1 200508
16.11 192864
16.12 192864
16.13 195804
16.14 194628
16.15 194040
16.16 188160
16.17 189336
16.18 189336
16.19 188748
16.2 177576
16.21 178752
16.22 181692
16.23 179340
16.24 182868
16.25 178752
16.26 174048
16.27 173460
16.28 176988
16.29 165228
16.3 166404
16.31 168756
16.32 171696
16.33 169344
16.34 171696
16.35 168168
16.36 171108
16.37 162876
16.38 165816
16.39 159936
16.4 162288
16.41 158760
16.42 159348
16.43 162288
16.44 165816
16.45 167580
16.46 169344
16.47 169932
16.48 171696
16.49 174636
16.5 179928
16.51 177576
16.52 172284
16.53 172284
16.54 172284
16.55 172872
16.56 174048
16.57 176400
16.58 177576
16.59 178752
16.6 175812
16.61 177576
16.62 178164
16.63 174636
16.64 168756
16.65 169344
16.66 166404
16.67 164640
16.68 165816
16.69 158172
16.7 156408
16.71 155232
16.72 154056
16.73 154644
16.74 152880
16.75 156408
16.76 158172
16.77 162288
16.78 162876
16.79 161112
16.8 159936
16.81 162288
16.82 166404
16.83 170520
16.84 169344
16.85 171696
16.86 171696
16.87 174048
16.88 176988
16.89 178164
16.9 177576
16.91 177576
16.92 171696
16.93 175224
16.94 178164
16.95 178752
16.96 180516
16.97 183456
16.98 184632
16.99 186984
17 187572
17.01 187572
17.02 188160
17.03 184632
17.04 186984
17.05 188160
17.06 190512
17.07 188160
17.08 187572
17.09 186396
17.1 189336
17.11 188160
17.12 187572
17.13 179340
17.14 181692
17.15 172872
17.16 171696
17.17 172284
17.18 175812
17.19 175224
17.2 175812
17.21 171696
17.22 161700
17.23 155820
17.24 155232
17.25 152880
17.26 154644
17.27 156408
17.28 152292
17.29 149940
17.3 143472
17.31 145824
17.32 142296
17.33 146412
17.34 147000
17.35 150528
17.36 154056
17.37 153468
17.38 149352
17.39 152880
17.4 151704
17.41 149940
17.42 153468
17.43 156408
17.44 157584
17.45 158760
17.46 162288
17.47 166404
17.48 166404
17.49 167580
17.5 171696
17.51 172872
17.52 176400
17.53 180516
17.54 182280
17.55 184044
17.56 188160
17.57 191100
17.58 193452
17.59 196980
17.6 198744
17.61 201684
17.62 204036
17.63 206388
17.64 209328
17.65 212268
17.66 212856
17.67 211092
17.68 211092
17.69 212268
17.7 214032
17.71 209916
17.72 211680
17.73 214620
17.74 215208
17.75 210504
17.76 205212
17.77 205800
17.78 203448
17.79 199920
17.8 200508
17.81 203448
17.82 196980
17.83 195216
17.84 197568
17.85 199332
17.86 196980
17.87 199332
17.88 201684
17.89 204036
17.9 204624
17.91 201096
17.92 204624
17.93 197568
17.94 195804
17.95 193452
17.96 194628
17.97 186984
17.98 183456
17.99 184632
18 187572
18.01 188160
18.02 186396
18.03 186396
18.04 188160
18.05 190512
18.06 194628
18.07 197568
18.08 198744
18.09 195216
18.1 194040
18.11 189336
18.12 192276
18.13 179928
18.14 182280
18.15 186984
18.16 182280
18.17 174636
18.18 171696
18.19 169932
18.2 172872
18.21 171696
18.22 172284
18.23 175812
18.24 178752
18.25 179340
18.26 179340
18.27 182868
18.28 180516
18.29 182280
18.3 179340
18.31 179340
18.32 182280
18.33 184044
18.34 184044
18.35 182868
18.36 179928
18.37 179928
18.38 178164
18.39 169344
18.4 171108
18.41 171696
18.42 173460
18.43 169344
18.44 171108
18.45 173460
18.46 164052
18.47 161112
18.48 160524
18.49 163464
18.5 165816
18.51 169932
18.52 171108
18.53 168756
18.54 165816
18.55 162288
18.56 159936
18.57 164052
18.58 165816
18.59 163464
18.6 163464
18.61 158172
18.62 158760
18.63 162876
18.64 165816
18.65 168756
18.66 171108
18.67 172872
18.68 176400
18.69 173460
18.7 176400
18.71 180516
18.72 182868
18.73 185220
18.74 188748
18.75 184044
18.76 185808
18.77 189336
18.78 191100
18.79 194040
18.8 197568
18.81 199332
18.82 200508
18.83 202272
18.84 195216
18.85 191688
18.86 191688
18.87 194628
18.88 196980
18.89 194628
18.9 191688
18.91 193452
18.92 191688
18.93 184044
18.94 181104
18.95 179340
18.96 181692
18.97 181692
18.98 180516
18.99 174048
19 175812
19.01 169932
19.02 167580
19.03 155232
19.04 157584
19.05 157584
19.06 159348
19.07 154056
19.08 155232
19.09 152292
19.1 155232
19.11 154644
19.12 158760
19.13 160524
19.14 161700
19.15 159936
19.16 161112
19.17 160524
19.18 164052
19.19 161700
19.2 166404
19.21 167580
19.22 170520
19.23 169344
19.24 171108
19.25 171696
19.26 174048
19.27 179340
19.28 181104
19.29 178752
19.3 175812
19.31 177576
19.32 178752
19.33 181104
19.34 181692
19.35 185220
19.36 189336
19.37 192276
19.38 194628
19.39 193452
19.4 191100
19.41 184044
19.42 186984
19.43 181104
19.44 185220
19.45 183456
19.46 185808
19.47 186396
19.48 191100
19.49 191100
19.5 184044
19.51 171108
19.52 168756
19.53 164640
19.54 168168
19.55 162876
19.56 163464
19.57 157584
19.58 157584
19.59 157584
19.6 156408
19.61 157584
19.62 154056
19.63 153468
19.64 143472
19.65 148176
19.66 149940
19.67 144060
19.68 147000
19.69 147000
19.7 149352
19.71 148764
19.72 149352
19.73 152292
19.74 155232
19.75 159348
19.76 162288
19.77 166404
19.78 165816
19.79 168756
19.8 168168
19.81 169344
19.82 171108
19.83 173460
19.84 176400
19.85 179340
19.86 182280
19.87 185220
19.88 186396
19.89 184044
19.9 185808
19.91 186984
19.92 189336
19.93 191100
19.94 193452
19.95 196392
19.96 198744
19.97 194040
19.98 196392
19.99 188748
20 188160
20.01 181692
20.02 184044
20.03 188160
20.04 190512
20.05 191688
20.06 184044
20.07 185220
20.08 168168
20.09 163464
20.1 161112
20.11 156408
20.12 160524
20.13 152880
20.14 149940
20.15 144648
20.16 146412
20.17 141708
20.18 131124
20.19 132300
20.2 135828
20.21 132888
20.22 137592
20.23 138180
20.24 141708
20.25 143472
20.26 147000
20.27 150528
20.28 154056
20.29 154644
20.3 158760
20.31 162288
20.32 165228
20.33 168168
20.34 171696
20.35 173460
20.36 175224
20.37 178164
20.38 180516
20.39 183456
20.4 186984
20.41 183456
20.42 186396
20.43 189336
20.44 188160
20.45 188160
20.46 177576
20.47 179928
20.48 181692
20.49 182280
20.5 185220
20.51 186984
20.52 188748
20.53 191100
20.54 191688
20.55 194628
20.56 190512
20.57 188748
20.58 188748
20.59 191100
20.6 190512
20.61 192864
20.62 194040
20.63 195216
20.64 198744
20.65 196392
20.66 194628
20.67 196392
20.68 194628
20.69 191688
20.7 194628
20.71 195216
20.72 193452
20.73 190512
20.74 192276
20.75 183456
20.76 187572
20.77 185808
20.78 188160
20.79 186396
20.8 182280
20.81 186396
20.82 188748
20.83 188160
20.84 189924
20.85 188748
20.86 184632
20.87 187572
20.88 186396
20.89 190512
20.9 191100
20.91 191688
20.92 195216
20.93 198156
20.94 199332
20.95 194040
20.96 189336
20.97 184044
20.98 182868
20.99 185808
21 188748
21.01 191688
21.02 192276
21.03 187572
21.04 184632
21.05 186396
21.06 189924
21.07 191688
21.08 194628
21.09 194628
21.1 198156
21.11 193452
21.12 188748
21.13 192864
21.14 193452
21.15 196392
21.16 191100
21.17 193452
21.18 195216
21.19 196392
21.2 192864
21.21 195804
21.22 191100
21.23 191688
21.24 188748
21.25 185808
21.26 187572
21.27 185808
21.28 184632
21.29 188748
21.3 189336
21.31 192276
21.32 192864
21.33 189924
21.34 194040
21.35 192276
21.36 189336
21.37 188748
21.38 192276
21.39 195216
21.4 196980
21.41 195216
21.42 196980
21.43 199920
21.44 191100
21.45 191688
21.46 194628
21.47 196392
21.48 198744
21.49 201684
21.5 202860
21.51 199920
21.52 201684
21.53 198744
21.54 201096
21.55 204036
21.56 201096
21.57 199920
21.58 199920
21.59 193452
21.6 195804
21.61 196980
21.62 195804
21.63 196980
21.64 194628
21.65 188748
21.66 185220
21.67 186396
21.68 187572
21.69 185220
21.7 184632
21.71 186396
21.72 188748
21.73 186984
21.74 184632
21.75 184632
21.76 183456
21.77 185220
21.78 176988
21.79 175224
21.8 178164
21.81 181692
21.82 181692
21.83 181692
21.84 175812
21.85 168168
21.86 166404
21.87 166992
21.88 166404
21.89 162876
21.9 161700
21.91 158172
21.92 159936
21.93 158172
21.94 153468
21.95 153468
21.96 155820
21.97 156408
21.98 158760
21.99 151116
22 148176
22.01 150528
22.02 151116
22.03 148764
22.04 152292
22.05 156408
22.06 158760
22.07 161112
22.08 165228
22.09 163464
22.1 168168
22.11 169344
22.12 170520
22.13 174048
22.14 176988
22.15 179928
22.16 182868
22.17 186984
22.18 191100
22.19 194040
22.2 198744
22.21 200508
22.22 202272
22.23 205800
22.24 209328
22.25 209916
22.26 206976
22.27 210504
22.28 213444
22.29 212268
22.3 214620
22.31 208740
22.32 211092
22.33 205800
22.34 204036
22.35 205800
22.36 206388
22.37 208152
22.38 209916
22.39 206976
22.4 210504
22.41 212268
22.42 214620
22.43 209916
22.44 199920
22.45 200508
22.46 200508
22.47 196392
22.48 199332
22.49 201096
22.5 202860
22.51 204624
22.52 200508
22.53 196392
22.54 179928
22.55 175812
22.56 176400
22.57 176988
22.58 176400
22.59 176988
22.6 171696
22.61 169344
22.62 170520
22.63 168168
22.64 171108
22.65 173460
22.66 176400
22.67 178164
22.68 179340
22.69 181104
22.7 180516
22.71 184632
22.72 186984
22.73 185808
22.74 174636
22.75 165228
22.76 159348
22.77 162288
22.78 163464
22.79 168168
22.8 168756
22.81 171108
22.82 171696
22.83 171696
22.84 170520
22.85 172872
22.86 173460
22.87 174636
22.88 169344
22.89 168756
22.9 167580
22.91 158760
22.92 157584
22.93 162288
22.94 164052
22.95 165816
22.96 162876
22.97 166992
22.98 166404
22.99 166404
23 166992
23.01 169344
23.02 171108
23.03 173460
23.04 172284
23.05 170520
23.06 167580
23.07 171696
23.08 171696
23.09 169344
23.1 172284
23.11 173460
23.12 175812
23.13 176988
23.14 175812
23.15 176400
23.16 179928
23.17 176400
23.18 172872
23.19 165816
23.2 168168
23.21 163464
23.22 164052
23.23 165228
23.24 165816
23.25 160524
23.26 160524
23.27 161112
23.28 159936
23.29 161700
23.3 163464
23.31 154056
23.32 155232
23.33 158172
23.34 160524
23.35 162876
23.36 165816
23.37 165228
23.38 170520
23.39 168168
23.4 170520
23.41 174048
23.42 176400
23.43 176400
23.44 178752
23.45 181104
23.46 184632
23.47 187572
23.48 188748
23.49 187572
23.5 188748
23.51 190512
23.52 194040
23.53 195216
23.54 198744
23.55 201096
23.56 200508
23.57 192864
23.58 195804
23.59 190512
23.6 191100
23.61 183456
23.62 184632
23.63 185220
23.64 182868
23.65 175812
23.66 169932
23.67 168756
23.68 170520
23.69 168756
23.7 165228
23.71 168168
23.72 171108
23.73 175224
23.74 178164
23.75 174636
23.76 178164
23.77 178164
23.78 181692
23.79 184632
23.8 187572
23.81 189924
23.82 189924
23.83 193452
23.84 197568
23.85 192864
23.86 194628
23.87 197568
23.88 201684
23.89 203448
23.9 203448
23.91 201096
23.92 196392
23.93 196392
23.94 194040
23.95 190512
23.96 192276
23.97 189336
23.98 189336
23.99 192276
24 194040
24.01 191688
24.02 193452
24.03 185808
24.04 188160
24.05 182868
24.06 184044
24.07 182868
24.08 183456
24.09 182868
24.1 185808
24.11 183456
24.12 182280
24.13 177576
24.14 170520
24.15 172872
24.16 175812
24.17 165228
24.18 165228
24.19 168168
24.2 168756
24.21 170520
24.22 172284
24.23 170520
24.24 168168
24.25 163464
24.26 165228
24.27 167580
24.28 158760
24.29 162876
24.3 162876
24.31 163464
24.32 166404
24.33 169344
24.34 171108
24.35 174636
24.36 173460
24.37 175812
24.38 178164
24.39 175224
24.4 172284
24.41 174048
24.42 175224
24.43 178164
24.44 180516
24.45 182280
24.46 183456
24.47 187572
24.48 188748
24.49 187572
24.5 186396
24.51 188160
24.52 191100
24.53 185808
24.54 178752
24.55 180516
24.56 178164
24.57 179928
24.58 180516
24.59 184632
24.6 180516
24.61 180516
24.62 179928
24.63 178164
24.64 168756
24.65 173460
24.66 164640
24.67 161112
24.68 154644
24.69 153468
24.7 153468
24.71 145236
24.72 139356
24.73 141120
24.74 142884
24.75 134064
24.76 138768
24.77 140532
24.78 141120
24.79 142296
24.8 136416
24.81 139944
24.82 138768
24.83 139356
24.84 142884
24.85 147000
24.86 144648
24.87 148764
24.88 153468
24.89 154644
24.9 150528
24.91 154644
24.92 156996
24.93 160524
24.94 166404
24.95 168168
24.96 171108
24.97 172872
24.98 175224
24.99 177576
25 180516
25.01 182868
25.02 184044
25.03 184632
25.04 186984
25.05 185220
25.06 185220
25.07 188160
25.08 188748
25.09 191100
25.1 190512
25.11 191100
25.12 187572
25.13 185220
25.14 178752
25.15 176400
25.16 171108
25.17 172284
25.18 173460
25.19 167580
25.2 160524
25.21 159936
25.22 158172
25.23 159936
25.24 159348
25.25 161112
25.26 155820
25.27 148764
25.28 144648
25.29 143472
25.3 143472
25.31 129948
25.32 134064
25.33 137004
25.34 135240
25.35 127008
25.36 117600
25.37 118776
25.38 122304
25.39 119364
25.4 121716
25.41 124068
25.42 118188
25.43 122892
25.44 123480
25.45 126420
25.46 129360
25.47 130536
25.48 133476
25.49 133476
25.5 138180
25.51 140532
25.52 144060
25.53 147000
25.54 145236
25.55 148764
25.56 151704
25.57 155232
25.58 159348
25.59 162288
25.6 165228
25.61 167580
25.62 169932
25.63 172872
25.64 175224
25.65 177576
25.66 180516
25.67 181104
25.68 184632
25.69 186984
25.7 183456
25.71 185220
25.72 186984
25.73 188748
25.74 192276
25.75 192276
25.76 192864
25.77 195216
25.78 194628
25.79 191688
25.8 189336
25.81 189924
25.82 192864
25.83 191688
25.84 188160
25.85 192276
25.86 192864
25.87 189336
25.88 182280
25.89 178164
25.9 179928
25.91 183456
25.92 183456
25.93 185220
25.94 182868
25.95 177576
25.96 171108
25.97 174048
25.98 175812
25.99 178164
26 176400
26.01 175224
26.02 176400
26.03 172284
26.04 171696
26.05 172872
26.06 174636
26.07 175812
26.08 176988
26.09 175812
26.1 167580
26.11 164640
26.12 168168
26.13 166992
26.14 169932
26.15 167580
26.16 165816
26.17 169344
26.18 169344
26.19 158760
26.2 162288
26.21 162876
26.22 160524
26.23 154644
26.24 149352
26.25 144648
26.26 139356
26.27 144060
26.28 147000
26.29 150528
26.3 145824
26.31 147000
26.32 148764
26.33 149940
26.34 154056
26.35 156996
26.36 160524
26.37 155820
26.38 158760
26.39 161700
26.4 155232
26.41 158760
26.42 159348
26.43 161700
26.44 164640
26.45 167580
26.46 172284
26.47 175224
26.48 174636
26.49 175812
26.5 181104
26.51 183456
26.52 185808
26.53 184044
26.54 186396
26.55 188748
26.56 174636
26.57 175812
26.58 178164
26.59 183456
26.6 184632
26.61 186396
26.62 189924
26.63 192864
26.64 188748
26.65 185808
26.66 172872
26.67 172284
26.68 175224
26.69 177576
26.7 179928
26.71 182868
26.72 182868
26.73 173460
26.74 169932
26.75 169932
26.76 172872
26.77 172284
26.78 173460
26.79 176400
26.8 179340
26.81 181692
26.82 179928
26.83 182280
26.84 181104
26.85 175812
26.86 178752
26.87 177576
26.88 179928
26.89 176400
26.9 177576
26.91 175224
26.92 179928
26.93 181692
26.94 184044
26.95 180516
26.96 181104
26.97 182280
26.98 182868
26.99 185808
27 188748
27.01 190512
27.02 186396
27.03 180516
27.04 171696
27.05 174636
27.06 178752
27.07 171696
27.08 167580
27.09 167580
27.1 162288
27.11 164052
27.12 166404
27.13 168168
27.14 170520
27.15 172284
27.16 163464
27.17 159348
27.18 158760
27.19 161700
27.2 163464
27.21 165816
27.22 166404
27.23 166992
27.24 162288
27.25 161700
27.26 152880
27.27 156408
27.28 158172
27.29 161112
27.3 158760
27.31 154056
27.32 155232
27.33 158172
27.34 155820
27.35 158172
27.36 161112
27.37 159348
27.38 154056
27.39 152880
27.4 156996
27.41 161112
27.42 165228
27.43 165816
27.44 159936
27.45 155820
27.46 156408
27.47 156996
27.48 162288
27.49 165816
27.5 167580
27.51 168168
27.52 165816
27.53 165816
27.54 168756
27.55 166992
27.56 168756
27.57 172284
27.58 175224
27.59 178164
27.6 180516
27.61 181104
27.62 182868
27.63 186396
27.64 189924
27.65 194040
27.66 195804
27.67 200508
27.68 201684
27.69 202860
27.7 198156
27.71 199332
27.72 201096
27.73 204036
27.74 206388
27.75 208152
27.76 204624
27.77 205800
27.78 206976
27.79 205212
27.8 207564
27.81 208740
27.82 208152
27.83 209328
27.84 211680
27.85 214620
27.86 215208
27.87 212856
27.88 214620
27.89 213444
27.9 201684
27.91 199332
27.92 195804
27.93 194040
27.94 196392
27.95 199920
27.96 200508
27.97 201684
27.98 198156
27.99 190512
28 186396
28.01 184632
28.02 183456
28.03 185220
28.04 179928
28.05 178752
28.06 176400
28.07 174048
28.08 175224
28.09 177576
28.1 172872
28.11 175224
28.12 179340
28.13 175224
28.14 175224
28.15 177576
28.16 178164
28.17 175812
28.18 170520
28.19 159936
28.2 161700
28.21 164052
28.22 165228
28.23 161112
28.24 161112
28.25 164052
28.26 166404
28.27 164640
28.28 166404
28.29 168756
28.3 160524
28.31 158172
28.32 152880
28.33 155232
28.34 148176
28.35 151704
28.36 154056
28.37 156408
28.38 157584
28.39 161112
28.4 164052
28.41 161700
28.42 161700
28.43 155820
28.44 158172
28.45 161700
28.46 164052
28.47 157584
28.48 158760
28.49 161700
28.5 162876
28.51 162876
28.52 165228
28.53 166992
28.54 169932
28.55 164052
28.56 166404
28.57 169344
28.58 174636
28.59 178164
28.6 181104
28.61 182280
28.62 183456
28.63 185808
28.64 185220
28.65 186396
28.66 189336
28.67 190512
28.68 194040
28.69 191100
28.7 190512
28.71 188748
28.72 188748
28.73 190512
28.74 191688
28.75 193452
28.76 195216
28.77 191100
28.78 186984
28.79 168756
28.8 167580
28.81 170520
28.82 170520
28.83 164052
28.84 159348
28.85 161112
28.86 156996
28.87 145236
28.88 146412
28.89 148176
28.9 150528
28.91 144060
28.92 146412
28.93 149352
28.94 147000
28.95 149352
28.96 142884
28.97 143472
28.98 147000
28.99 149940
29 154056
29.01 157584
29.02 158760
29.03 161700
29.04 158760
29.05 155232
29.06 151116
29.07 154644
29.08 157584
29.09 159348
29.1 155232
29.11 158172
29.12 161112
29.13 164052
29.14 166404
29.15 169344
29.16 174636
29.17 173460
29.18 175812
29.19 171696
29.2 174048
29.21 176988
29.22 179340
29.23 181692
29.24 185220
29.25 187572
29.26 179928
29.27 182868
29.28 186396
29.29 185220
29.3 186984
29.31 188748
29.32 190512
29.33 192276
29.34 195804
29.35 198744
29.36 199920
29.37 198744
29.38 196980
29.39 184044
29.4 186396
29.41 187572
29.42 186396
29.43 188160
29.44 186984
29.45 189336
29.46 191100
29.47 195216
29.48 198156
29.49 196980
29.5 186396
29.51 183456
29.52 186396
29.53 188160
29.54 179340
29.55 178752
29.56 182280
29.57 183456
29.58 179928
29.59 182868
29.6 186396
29.61 188748
29.62 191100
29.63 187572
29.64 186984
29.65 186984
29.66 190512
29.67 192864
29.68 195804
29.69 199920
29.7 198744
29.71 201096
29.72 201684
29.73 197568
29.74 194628
29.75 188748
29.76 189336
29.77 191688
29.78 196392
29.79 195216
29.8 197568
29.81 192864
29.82 191100
29.83 185220
29.84 186984
29.85 188160
29.86 189336
29.87 192864
29.88 194628
29.89 196980
29.9 201684
29.91 204036
29.92 202860
29.93 202860
29.94 205212
29.95 206388
29.96 202860
29.97 200508
29.98 202272
29.99 206388
30 208152
30.01 210504
30.02 214620
30.03 213444
30.04 210504
30.05 205212
30.06 200508
30.07 199920
30.08 202860
30.09 205212
30.1 207564
30.11 208152
30.12 210504
30.13 211680
30.14 202860
30.15 205800
30.16 206976
30.17 209328
30.18 206976
30.19 205800
30.2 208152
30.21 202272
30.22 195804
30.23 195804
30.24 198744
30.25 192276
30.26 194628
30.27 192276
30.28 185808
30.29 189336
30.3 187572
30.31 182868
30.32 176400
30.33 172872
30.34 176400
30.35 170520
30.36 158172
30.37 154056
30.38 156408
30.39 155232
30.4 156996
30.41 152292
30.42 154056
30.43 154056
30.44 152292
30.45 148764
30.46 151704
30.47 149352
30.48 145824
30.49 137592
30.5 136416
30.51 139944
30.52 141120
30.53 142884
30.54 146412
30.55 145824
30.56 149352
30.57 153468
30.58 156996
30.59 158760
30.6 161700
30.61 164640
30.62 164052
30.63 165228
30.64 169344
30.65 172872
30.66 174636
30.67 176988
30.68 181104
30.69 184632
30.7 184044
30.71 185220
30.72 188160
30.73 192276
30.74 193452
30.75 194040
30.76 189336
30.77 192276
30.78 193452
30.79 194628
30.8 196392
30.81 198744
30.82 201684
30.83 198156
30.84 198156
30.85 199920
30.86 204624
30.87 205800
30.88 204036
30.89 202860
30.9 205800
30.91 208152
30.92 210504
30.93 204036
30.94 202272
30.95 206388
30.96 201096
30.97 202272
30.98 204624
30.99 205800
31 205800
31.01 206976
31.02 207564
31.03 207564
31.04 210504
31.05 212856
31.06 204036
31.07 204036
31.08 201684
31.09 202860
31.1 198744
31.11 197568
31.12 183456
31.13 186984
31.14 189336
31.15 190512
31.16 187572
31.17 191100
31.18 176400
31.19 179340
31.2 178752
31.21 176400
31.22 175812
31.23 173460
31.24 174048
31.25 171108
31.26 169932
31.27 168756
31.28 171108
31.29 166992
31.3 168168
31.31 165816
31.32 168756
31.33 166404
31.34 165228
31.35 155820
31.36 154056
31.37 157584
31.38 154056
31.39 153468
31.4 145824
31.41 141120
31.42 142884
31.43 135240
31.44 138768
31.45 141708
31.46 139356
31.47 141708
31.48 144060
31.49 135240
31.5 138180
31.51 142296
31.52 146412
31.53 149352
31.54 152292
31.55 155232
31.56 156408
31.57 159936
31.58 165228
31.59 168168
31.6 171108
31.61 174636
31.62 173460
31.63 172284
31.64 173460
31.65 176988
31.66 177576
31.67 181692
31.68 183456
31.69 184044
31.7 186396
31.71 188160
31.72 191100
31.73 195216
31.74 196392
31.75 196980
31.76 200508
31.77 197568
31.78 196392
31.79 198744
31.8 200508
31.81 202272
31.82 205800
31.83 204624
31.84 204624
31.85 200508
31.86 200508
31.87 202272
31.88 195216
31.89 194040
31.9 193452
31.91 195216
31.92 195804
31.93 182280
31.94 184044
31.95 177576
31.96 174636
31.97 164052
31.98 159348
31.99 158172
32 155820
32.01 155820
32.02 157584
32.03 161112
32.04 164052
32.05 157584
32.06 155232
32.07 154056
32.08 147000
32.09 150528
32.1 149940
32.11 149352
32.12 152292
32.13 154056
32.14 158172
32.15 158760
32.16 155232
32.17 158760
32.18 160524
32.19 162288
32.2 166404
32.21 169344
32.22 171696
32.23 175224
32.24 171108
32.25 174048
32.26 164052
32.27 164640
32.28 168756
32.29 171696
32.3 172284
32.31 170520
32.32 170520
32.33 172284
32.34 168756
32.35 165228
32.36 166992
32.37 169344
32.38 168168
32.39 158172
32.4 145236
32.41 147588
32.42 151116
32.43 155820
32.44 158172
32.45 158172
32.46 158760
32.47 160524
32.48 157584
32.49 149940
32.5 152292
32.51 152880
32.52 155820
32.53 152292
32.54 152292
32.55 154056
32.56 156996
32.57 160524
32.58 162288
32.59 165816
32.6 168168
32.61 169932
32.62 173460
32.63 174048
32.64 171696
32.65 166992
32.66 170520
32.67 174636
32.68 175812
32.69 177576
32.7 178752
32.71 177576
32.72 173460
32.73 178164
32.74 171696
32.75 168168
32.76 171108
32.77 168756
32.78 158760
32.79 162876
32.8 159936
32.81 160524
32.82 159936
32.83 158760
32.84 158760
32.85 158172
32.86 154644
32.87 153468
32.88 154056
32.89 144060
32.9 148176
32.91 152292
32.92 148176
32.93 145824
32.94 146412
32.95 144060
32.96 147588
32.97 148764
32.98 151116
32.99 154644
33 158172
33.01 161112
33.02 164052
33.03 159936
33.04 163464
33.05 167580
33.06 169932
33.07 173460
33.08 176988
33.09 178752
33.1 181692
33.11 182868
33.12 184632
33.13 187572
33.14 191100
33.15 190512
33.16 194040
33.17 196392
33.18 198744
33.19 199920
33.2 202860
33.21 203448
33.22 201096
33.23 197568
33.24 199332
33.25 202272
33.26 201684
33.27 203448
33.28 198156
33.29 201096
33.3 189924
33.31 184632
33.32 185220
33.33 184044
33.34 185808
33.35 189336
33.36 178752
33.37 174048
33.38 175812
33.39 174048
33.4 178164
33.41 178752
33.42 178752
33.43 179928
33.44 182868
33.45 176400
33.46 176400
33.47 179928
33.48 182280
33.49 185808
33.5 182868
33.51 181104
33.52 179928
33.53 171696
33.54 166992
33.55 169344
33.56 172284
33.57 176400
33.58 175812
33.59 174636
33.6 165816
33.61 165228
33.62 166992
33.63 169932
33.64 172284
33.65 169344
33.66 172284
33.67 172284
33.68 172284
33.69 167580
33.7 170520
33.71 172872
33.72 169932
33.73 168756
33.74 169344
33.75 170520
33.76 172872
33.77 174048
33.78 176988
33.79 179340
33.8 180516
33.81 182280
33.82 181692
33.83 185220
33.84 181104
33.85 176400
33.86 176400
33.87 178752
33.88 172284
33.89 170520
33.9 173460
33.91 174048
33.92 171696
33.93 169932
33.94 171108
33.95 171108
33.96 159348
33.97 156408
33.98 155820
33.99 151704
34 152292
34.01 149940
34.02 148176
34.03 144060
34.04 142296
34.05 136416
34.06 133476
34.07 136416
34.08 139944
34.09 144060
34.1 146412
34.11 147000
34.12 147588
34.13 150528
34.14 152880
34.15 157584
34.16 159348
34.17 162288
34.18 165228
34.19 166404
34.2 170520
34.21 174636
34.22 177576
34.23 179928
34.24 182868
34.25 185220
34.26 188160
34.27 189924
34.28 195216
34.29 198156
34.3 199920
34.31 199332
34.32 198156
34.33 200508
34.34 202860
34.35 205212
34.36 207564
34.37 211092
34.38 215208
34.39 213444
34.4 212856
34.41 210504
34.42 209328
34.43 209916
34.44 212856
34.45 214620
34.46 218148
34.47 221676
34.48 216384
34.49 218736
34.5 214032
34.51 210504
34.52 209916
34.53 207564
34.54 208152
34.55 211092
34.56 214032
34.57 215208
34.58 210504
34.59 210504
34.6 201684
34.61 202272
34.62 199920
34.63 196392
34.64 196392
34.65 196392
34.66 198744
34.67 200508
34.68 200508
34.69 200508
34.7 199920
34.71 196392
34.72 191688
34.73 189924
34.74 189336
34.75 190512
34.76 193452
34.77 196980
34.78 197568
34.79 201096
34.8 199920
34.81 192864
34.82 190512
34.83 192276
34.84 192864
34.85 195216
34.86 198156
34.87 191688
34.88 194628
34.89 196980
34.9 201096
34.91 201096
34.92 198156
34.93 198744
34.94 195216
34.95 192864
34.96 192276
34.97 194040
34.98 195804
34.99 195804
35 195804
35.01 198156
35.02 194628
35.03 196980
35.04 195804
35.05 196392
35.06 199920
35.07 199332
35.08 197568
35.09 195216
35.1 198744
35.11 196392
35.12 196980
35.13 190512
35.14 175224
35.15 168168
35.16 155232
35.17 155232
35.18 151116
35.19 153468
35.2 155820
35.21 153468
35.22 154644
35.23 149352
35.24 152880
35.25 149352
35.26 146412
35.27 149940
35.28 148764
35.29 151116
35.3 138768
35.31 127008
35.32 122892
35.33 127008
35.34 129360
35.35 131712
35.36 129360
35.37 132300
35.38 136416
35.39 131712
35.4 135240
35.41 137592
35.42 141120
35.43 143472
35.44 146412
35.45 150528
35.46 155820
35.47 154644
35.48 158172
35.49 158172
35.5 161112
35.51 162876
35.52 165816
35.53 170520
35.54 174636
35.55 178164
35.56 182868
35.57 179340
35.58 181692
35.59 184632
35.6 185808
35.61 188748
35.62 191688
35.63 190512
35.64 192864
35.65 194040
35.66 196392
35.67 198744
35.68 201096
35.69 198156
35.7 199920
35.71 204036
35.72 204624
35.73 207564
35.74 212268
35.75 214620
35.76 214032
35.77 206976
35.78 205800
35.79 201684
35.8 204624
35.81 203448
35.82 205800
35.83 209916
35.84 211092
35.85 206388
35.86 209916
35.87 208740
35.88 206388
35.89 209328
35.9 212268
35.91 214032
35.92 217560
35.93 218148
35.94 216972
35.95 220500
35.96 218148
35.97 214032
35.98 208740
35.99 211092
36 206388
36.01 207564
36.02 201684
36.03 198744
36.04 195216
36.05 191100
36.06 186396
36.07 179340
36.08 181104
36.09 178164
36.1 170520
36.11 169344
36.12 159348
36.13 148764
36.14 145236
36.15 137592
36.16 133476
36.17 131124
36.18 131712
36.19 134064
36.2 127008
36.21 125832
36.22 124068
36.23 120540
36.24 123480
36.25 112308
36.26 113484
36.27 114660
36.28 112896
36.29 116424
36.3 117012
36.31 118188
36.32 118188
36.33 114660
36.34 112896
36.35 116424
36.36 118188
36.37 121716
36.38 123480
36.39 127596
36.4 128772
36.41 131712
36.42 134652
36.43 133476
36.44 137004
36.45 142296
36.46 145236
36.47 149352
36.48 152292
36.49 154644
36.5 156408
36.51 161112
36.52 164052
36.53 167580
36.54 166992
36.55 165816
36.56 166404
36.57 170520
36.58 171696
36.59 175224
36.6 177576
36.61 180516
36.62 179928
36.63 179340
36.64 181104
36.65 178752
36.66 181104
36.67 184632
36.68 187572
36.69 189924
36.7 189924
36.71 192276
36.72 194628
36.73 187572
36.74 192276
36.75 194040
36.76 196392
36.77 191100
36.78 192864
36.79 194040
36.8 197568
36.81 199332
36.82 200508
36.83 196980
36.84 198156
36.85 199332
36.86 197568
36.87 196980
36.88 193452
36.89 183456
36.9 183456
36.91 180516
36.92 180516
36.93 180516
36.94 174048
36.95 174636
36.96 173460
36.97 163464
36.98 165816
36.99 159936
37 153468
37.01 156408
37.02 156996
37.03 155820
37.04 151116
37.05 149940
37.06 153468
37.07 156408
37.08 158760
37.09 160524
37.1 158760
37.11 161112
37.12 151704
37.13 156996
37.14 159348
37.15 161700
37.16 164640
37.17 162288
37.18 164640
37.19 167580
37.2 166404
37.21 168168
37.22 171108
37.23 162876
37.24 164640
37.25 164052
37.26 166992
37.27 169344
37.28 168756
37.29 168756
37.3 169932
37.31 167580
37.32 171108
37.33 174048
37.34 175224
37.35 176988
37.36 171696
37.37 166992
37.38 166404
37.39 165816
37.4 168756
37.41 169344
37.42 171696
37.43 162876
37.44 155232
37.45 154056
37.46 158172
37.47 153468
37.48 156408
37.49 156408
37.5 157584
37.51 146412
37.52 145236
37.53 148764
37.54 152292
37.55 155232
37.56 157584
37.57 158172
37.58 154644
37.59 143472
37.6 142296
37.61 143472
37.62 145824
37.63 142296
37.64 144648
37.65 148176
37.66 143472
37.67 142296
37.68 141708
37.69 143472
37.7 142884
37.71 143472
37.72 146412
37.73 148764
37.74 142884
37.75 145824
37.76 149940
37.77 151116
37.78 155232
37.79 155820
37.8 156996
37.81 159348
37.82 162288
37.83 165228
37.84 170520
37.85 173460
37.86 176988
37.87 179340
37.88 182280
37.89 184044
37.9 185808
37.91 188748
37.92 191688
37.93 194628
37.94 196980
37.95 199920
37.96 201684
37.97 204036
37.98 206976
37.99 208152
38 208740
38.01 212268
38.02 209916
38.03 206388
38.04 206976
38.05 208152
38.06 205800
38.07 197568
38.08 199920
38.09 201096
38.1 198744
38.11 199332
38.12 201684
38.13 200508
38.14 199332
38.15 199920
38.16 199332
38.17 197568
38.18 198156
38.19 199332
38.2 192864
38.21 189924
38.22 191688
38.23 187572
38.24 191100
38.25 194040
38.26 191100
38.27 193452
38.28 192864
38.29 194628
38.3 198156
38.31 201096
38.32 201684
38.33 204624
38.34 199920
38.35 194628
38.36 195804
38.37 198156
38.38 201096
38.39 204624
38.4 206388
38.41 205212
38.42 204036
38.43 204624
38.44 206388
38.45 207564
38.46 200508
38.47 204036
38.48 201684
38.49 202272
38.5 185808
38.51 188160
38.52 190512
38.53 189336
38.54 181692
38.55 178164
38.56 181692
38.57 184044
38.58 184632
38.59 176400
38.6 176400
38.61 179340
38.62 182280
38.63 184044
38.64 186396
38.65 184632
38.66 183456
38.67 185808
38.68 185808
38.69 187572
38.7 189924
38.71 188160
38.72 187572
38.73 184632
38.74 179928
38.75 183456
38.76 184632
38.77 186984
38.78 190512
38.79 186396
38.8 186984
38.81 184632
38.82 187572
38.83 181104
38.84 181692
38.85 181692
38.86 180516
38.87 184632
38.88 186984
38.89 182868
38.9 186396
38.91 188160
38.92 189336
38.93 188160
38.94 182868
38.95 184632
38.96 188748
38.97 188160
38.98 188748
38.99 191688
39 185220
39.01 184632
39.02 179340
39.03 172284
39.04 175812
39.05 174048
39.06 172284
39.07 174048
39.08 173460
39.09 171696
39.1 169932
39.11 169932
39.12 172284
39.13 175812
39.14 178164
39.15 176988
39.16 181104
39.17 177576
39.18 179340
39.19 182868
39.2 185808
39.21 186984
39.22 184044
39.23 182280
39.24 182868
39.25 185220
39.26 185808
39.27 189336
39.28 185220
39.29 186984
39.3 189924
39.31 193452
39.32 188748
39.33 192276
39.34 189924
39.35 189924
39.36 189924
39.37 188160
39.38 185808
39.39 184044
39.4 184632
39.41 188160
39.42 184632
39.43 183456
39.44 182280
39.45 181692
39.46 176988
39.47 177576
39.48 180516
39.49 182868
39.5 184044
39.51 183456
39.52 176400
39.53 178164
39.54 175224
39.55 176400
39.56 178752
39.57 182280
39.58 184632
39.59 185808
39.6 187572
39.61 189924
39.62 185808
39.63 181104
39.64 184044
39.65 186396
39.66 191100
39.67 186984
39.68 190512
39.69 192864
39.7 189336
39.71 192276
39.72 191688
39.73 189336
39.74 191688
39.75 192864
39.76 194040
39.77 193452
39.78 192276
39.79 188748
39.8 179340
39.81 181692
39.82 182280
39.83 185808
39.84 188748
39.85 189336
39.86 189924
39.87 182280
39.88 181692
39.89 184632
39.9 179340
39.91 180516
39.92 182280
39.93 184044
39.94 181692
39.95 182868
39.96 184044
39.97 183456
39.98 170520
39.99 172872
40 174636
40.01 173460
40.02 172872
40.03 169344
40.04 172872
40.05 174636
40.06 175812
40.07 175224
40.08 179340
40.09 176400
40.1 175812
40.11 172872
40.12 175812
40.13 178752
40.14 181104
40.15 176988
40.16 168756
40.17 164640
40.18 161700
40.19 156996
40.2 159348
40.21 161112
40.22 163464
40.23 166404
40.24 166404
40.25 165816
40.26 169344
40.27 172284
40.28 177576
40.29 179340
40.3 177576
40.31 178164
40.32 179340
40.33 182280
40.34 182280
40.35 184632
40.36 186396
40.37 190512
40.38 191100
40.39 192864
40.4 194628
40.41 195804
40.42 192864
40.43 185808
40.44 188160
40.45 187572
40.46 191100
40.47 190512
40.48 188160
40.49 189336
40.5 186984
40.51 186984
40.52 187572
40.53 188160
40.54 181692
40.55 182280
40.56 180516
40.57 182868
40.58 176400
40.59 176988
40.6 181104
40.61 183456
40.62 177576
40.63 175812
40.64 178752
40.65 181104
40.66 176400
40.67 179340
40.68 175224
40.69 178752
40.7 180516
40.71 180516
40.72 179340
40.73 169932
40.74 169344
40.75 172284
40.76 175224
40.77 178164
40.78 179340
40.79 183456
40.8 181692
40.81 179340
40.82 181104
40.83 184044
40.84 185220
40.85 181104
40.86 182868
40.87 185808
40.88 185220
40.89 184632
40.9 187572
40.91 190512
40.92 194040
40.93 186984
40.94 187572
40.95 188160
40.96 191688
40.97 193452
40.98 197568
40.99 201684
41 204036
41.01 199920
41.02 198744
41.03 199332
41.04 199332
41.05 200508
41.06 196392
41.07 195216
41.08 199332
41.09 199920
41.1 202860
41.11 205800
41.12 206388
41.13 203448
41.14 202272
41.15 204036
41.16 208152
41.17 210504
41.18 212268
41.19 211680
41.2 212856
41.21 209916
41.22 189924
41.23 190512
41.24 191100
41.25 190512
41.26 186984
41.27 189336
41.28 181692
41.29 184044
41.3 175224
41.31 176400
41.32 173460
41.33 174636
41.34 172872
41.35 174048
41.36 175812
41.37 178164
41.38 179340
41.39 174636
41.4 174048
41.41 164052
41.42 165816
41.43 164052
41.44 162876
41.45 158760
41.46 158172
41.47 160524
41.48 159348
41.49 155820
41.5 156408
41.51 157584
41.52 161112
41.53 156996
41.54 156996
41.55 159936
41.56 159348
41.57 160524
41.58 159348
41.59 160524
41.6 163464
41.61 165228
41.62 167580
41.63 170520
41.64 169932
41.65 173460
41.66 175812
41.67 176988
41.68 176400
41.69 178752
41.7 183456
41.71 185808
41.72 185808
41.73 188160
41.74 190512
41.75 188160
41.76 189924
41.77 191688
41.78 193452
41.79 195804
41.8 196392
41.81 199920
41.82 201096
41.83 200508
41.84 195216
41.85 197568
41.86 198744
41.87 199332
41.88 198156
41.89 195804
41.9 194628
41.91 196392
41.92 191688
41.93 191100
41.94 191100
41.95 187572
41.96 184044
41.97 186396
41.98 183456
41.99 184044
42 183456
42.01 176400
42.02 175812
42.03 178164
42.04 178164
42.05 176988
42.06 179928
42.07 166992
42.08 168168
42.09 170520
42.1 166404
42.11 169344
42.12 164640
42.13 166992
42.14 163464
42.15 163464
42.16 165816
42.17 162876
42.18 164052
42.19 166404
42.2 165816
42.21 168756
42.22 168168
42.23 168168
42.24 171696
42.25 168756
42.26 166992
42.27 168168
42.28 159348
42.29 162288
42.3 157584
42.31 158172
42.32 162288
42.33 164640
42.34 164640
42.35 169344
42.36 171108
42.37 173460
42.38 175812
42.39 176400
42.4 176400
42.41 179340
42.42 171108
42.43 172284
42.44 174048
42.45 175224
42.46 178164
42.47 181104
42.48 181692
42.49 181104
42.5 178752
42.51 179340
42.52 175812
42.53 179340
42.54 177576
42.55 178164
42.56 179928
42.57 176988
42.58 179340
42.59 179928
42.6 182280
42.61 184044
42.62 177576
42.63 176400
42.64 175812
42.65 172872
42.66 176988
42.67 181104
42.68 183456
42.69 186396
42.7 187572
42.71 182868
42.72 176400
42.73 176400
42.74 178752
42.75 176988
42.76 181692
42.77 182868
42.78 185220
42.79 180516
42.8 181692
42.81 179340
42.82 179928
42.83 179928
42.84 182868
42.85 185808
42.86 185808
42.87 187572
42.88 191100
42.89 194040
42.9 194628
42.91 194628
42.92 193452
42.93 196980
42.94 199332
42.95 201096
42.96 201096
42.97 198156
42.98 195804
42.99 195804
43 186984
43.01 184632
43.02 186984
43.03 188748
43.04 180516
43.05 182868
43.06 184632
43.07 182868
43.08 185220
43.09 189924
43.1 188748
43.11 191100
43.12 192864
43.13 193452
43.14 196980
43.15 195804
43.16 195216
43.17 184632
43.18 180516
43.19 183456
43.2 185808
43.21 181104
43.22 178752
43.23 169344
43.24 172872
43.25 170520
43.26 165816
43.27 169344
43.28 172872
43.29 166992
43.3 158172
43.31 157584
43.32 160524
43.33 155232
43.34 159348
43.35 164052
43.36 165816
43.37 167580
43.38 166404
43.39 159348
43.4 154644
43.41 151704
43.42 148764
43.43 152880
43.44 156408
43.45 157584
43.46 159936
43.47 163464
43.48 165816
43.49 166992
43.5 171108
43.51 173460
43.52 174636
43.53 173460
43.54 167580
43.55 171696
43.56 175224
43.57 178752
43.58 179928
43.59 184044
43.6 185220
43.61 185808
43.62 190512
43.63 192276
43.64 194040
43.65 197568
43.66 199920
43.67 203448
43.68 199332
43.69 192276
43.7 188748
43.71 192276
43.72 195216
43.73 196392
43.74 194040
43.75 195804
43.76 195804
43.77 189924
43.78 189336
43.79 192276
43.8 190512
43.81 191688
43.82 186984
43.83 185220
43.84 176400
43.85 178164
43.86 179928
43.87 173460
43.88 172284
43.89 173460
43.9 177576
43.91 172284
43.92 171108
43.93 172284
43.94 174636
43.95 165816
43.96 164052
43.97 166992
43.98 167580
43.99 168756
44 171696
44.01 174048
44.02 171108
44.03 175812
44.04 172872
44.05 173460
44.06 176400
44.07 177576
44.08 178752
44.09 170520
44.1 171696
44.11 174636
44.12 173460
44.13 175812
44.14 178752
44.15 181104
44.16 182868
44.17 184632
44.18 184044
44.19 185220
44.2 185220
44.21 188748
44.22 191688
44.23 192864
44.24 185220
44.25 188748
44.26 191100
44.27 184632
44.28 184632
44.29 182280
44.3 183456
44.31 184632
44.32 180516
44.33 181104
44.34 184044
44.35 186396
44.36 185808
44.37 182868
44.38 184044
44.39 183456
44.4 176400
44.41 179928
44.42 182868
44.43 182868
44.44 174048
44.45 167580
44.46 169344
44.47 171696
44.48 169344
44.49 172284
44.5 174048
44.51 175812
44.52 176400
44.53 179340
44.54 178164
44.55 177576
44.56 179928
44.57 181692
44.58 182868
44.59 186984
44.6 188160
44.61 188160
44.62 189336
44.63 171108
44.64 172872
44.65 174636
44.66 176988
44.67 174636
44.68 171108
44.69 164640
44.7 162288
44.71 164640
44.72 164052
44.73 165228
44.74 162876
44.75 152880
44.76 155232
44.77 151116
44.78 152292
44.79 155820
44.8 160524
44.81 159348
44.82 161112
44.83 162876
44.84 165816
44.85 163464
44.86 168168
44.87 171108
44.88 172872
44.89 175224
44.9 175812
44.91 178164
44.92 182868
44.93 182280
44.94 184044
44.95 186396
44.96 188748
44.97 189924
44.98 192864
44.99 187572
45 189336
45.01 193452
45.02 194040
45.03 192864
45.04 193452
45.05 192276
45.06 191100
45.07 192276
45.08 194628
45.09 196392
45.1 198744
45.11 192864
45.12 189336
45.13 186984
45.14 179928
45.15 176988
45.16 172284
45.17 168756
45.18 169932
45.19 165816
45.2 168756
45.21 165228
45.22 158172
45.23 152292
45.24 149352
45.25 148176
45.26 145824
45.27 142296
45.28 141708
45.29 146412
45.3 144648
45.31 142884
45.32 137592
45.33 140532
45.34 140532
45.35 142296
45.36 147588
45.37 151116
45.38 154056
45.39 158172
45.4 156408
45.41 159936
45.42 159936
45.43 159348
45.44 162876
45.45 167580
45.46 169344
45.47 171696
45.48 171108
45.49 172284
45.5 174048
45.51 174636
45.52 178752
45.53 181104
45.54 185220
45.55 186396
45.56 189336
45.57 192864
45.58 189924
45.59 191688
45.6 195804
45.61 197568
45.62 200508
45.63 200508
45.64 200508
45.65 202860
45.66 202272
45.67 201096
45.68 201684
45.69 203448
45.7 206388
45.71 207564
45.72 202272
45.73 202272
45.74 204624
45.75 204624
45.76 204624
45.77 198744
45.78 198156
45.79 198156
45.8 196392
45.81 194040
45.82 194628
45.83 194628
45.84 196392
45.85 195804
45.86 194040
45.87 194040
45.88 194628
45.89 194040
45.9 191688
45.91 190512
45.92 192276
45.93 192864
45.94 194628
45.95 191688
45.96 191100
45.97 188748
45.98 189336
45.99 191688
46 189336
46.01 186396
46.02 185220
46.03 185808
46.04 182280
46.05 183456
46.06 180516
46.07 185220
46.08 186396
46.09 172872
46.1 168168
46.11 155232
46.12 159348
46.13 162876
46.14 165816
46.15 168756
46.16 169344
46.17 169932
46.18 162288
46.19 163464
46.2 165816
46.21 165816
46.22 169932
46.23 171696
46.24 170520
46.25 172872
46.26 174048
46.27 178752
46.28 181104
46.29 181692
46.3 184044
46.31 185220
46.32 188160
46.33 186396
46.34 187572
46.35 189924
46.36 184632
46.37 185808
46.38 175812
46.39 178752
46.4 178752
46.41 178752
46.42 178752
46.43 178752
46.44 179928
46.45 182280
46.46 184044
46.47 184632
46.48 183456
46.49 185808
46.5 178752
46.51 169932
46.52 162288
46.53 165228
46.54 165816
46.55 165816
46.56 168168
46.57 159936
46.58 159936
46.59 157584
46.6 157584
46.61 159936
46.62 162288
46.63 164640
46.64 164052
46.65 155820
46.66 153468
46.67 154644
46.68 154644
46.69 157584
46.7 158172
46.71 161700
46.72 162876
46.73 164052
46.74 167580
46.75 170520
46.76 171696
46.77 174636
46.78 177576
46.79 181104
46.8 182868
46.81 186984
46.82 189336
46.83 192276
46.84 191688
46.85 195216
46.86 197568
46.87 199332
46.88 202860
46.89 204036
46.9 204036
46.91 206976
46.92 202272
46.93 191688
46.94 193452
46.95 191100
46.96 192276
46.97 193452
46.98 191688
46.99 191100
47 193452
47.01 196392
47.02 194040
47.03 197568
47.04 196392
47.05 193452
47.06 185220
47.07 173460
47.08 170520
47.09 161112
47.1 149940
47.11 151704
47.12 152880
47.13 155232
47.14 145236
47.15 148176
47.16 149940
47.17 144648
47.18 148176
47.19 151704
47.2 147000
47.21 150528
47.22 150528
47.23 149352
47.24 145236
47.25 148764
47.26 150528
47.27 149352
47.28 148176
47.29 151116
47.3 148176
47.31 149940
47.32 145236
47.33 149352
47.34 152292
47.35 149352
47.36 152880
47.37 155820
47.38 158172
47.39 161700
47.4 163464
47.41 167580
47.42 165816
47.43 169344
47.44 172284
47.45 173460
47.46 176400
47.47 179928
47.48 183456
47.49 185220
47.5 186984
47.51 189924
47.52 192864
47.53 194628
47.54 193452
47.55 193452
47.56 191100
47.57 194040
47.58 195804
47.59 186396
47.6 190512
47.61 191688
47.62 189336
47.63 182868
47.64 179928
47.65 181692
47.66 182280
47.67 178164
47.68 180516
47.69 184044
47.7 183456
47.71 176988
47.72 176988
47.73 173460
47.74 174636
47.75 171108
47.76 164640
47.77 166992
47.78 159936
47.79 159936
47.8 164052
47.81 159936
47.82 152880
47.83 152880
47.84 152880
47.85 155820
47.86 156408
47.87 159348
47.88 162288
47.89 162288
47.9 157584
47.91 160524
47.92 165228
47.93 168756
47.94 169932
47.95 173460
47.96 176988
47.97 177576
47.98 176988
47.99 181104
48 184044
48.01 185220
48.02 186396
48.03 185220
48.04 187572
48.05 189336
48.06 191688
48.07 192864
48.08 194040
48.09 198156
48.1 190512
48.11 191688
48.12 193452
48.13 192276
48.14 184632
48.15 184044
48.16 178752
48.17 179340
48.18 175224
48.19 165816
48.2 168168
48.21 165816
48.22 168756
48.23 171108
48.24 171696
48.25 165816
48.26 158760
48.27 160524
48.28 163464
48.29 165816
48.3 165816
48.31 169932
48.32 166404
48.33 161700
48.34 162288
48.35 161700
48.36 165228
48.37 167580
48.38 162876
48.39 162288
48.4 167580
48.41 166992
48.42 169932
48.43 174636
48.44 174636
48.45 177576
48.46 179928
48.47 181104
48.48 182868
48.49 179340
48.5 182868
48.51 184044
48.52 188160
48.53 189336
48.54 179340
48.55 181692
48.56 183456
48.57 185808
48.58 184632
48.59 186984
48.6 186396
48.61 179928
48.62 175224
48.63 176400
48.64 175812
48.65 174636
48.66 178752
48.67 179928
48.68 175224
48.69 172284
48.7 168168
48.71 161112
48.72 158172
48.73 160524
48.74 165228
48.75 169344
48.76 169344
48.77 170520
48.78 174048
48.79 174636
48.8 174636
48.81 176988
48.82 179928
48.83 182868
48.84 186984
48.85 182868
48.86 185808
48.87 176988
48.88 179928
48.89 171108
48.9 173460
48.91 175812
48.92 177576
48.93 182868
48.94 182868
48.95 185808
48.96 188748
48.97 188160
48.98 182280
48.99 184632
49 179928
49.01 181692
49.02 182868
49.03 182868
49.04 178164
49.05 180516
49.06 180516
49.07 173460
49.08 176988
49.09 173460
49.1 173460
49.11 173460
49.12 173460
49.13 171696
49.14 171108
49.15 171696
49.16 170520
49.17 165228
49.18 162288
49.19 161700
49.2 148176
49.21 144648
49.22 141120
49.23 139356
49.24 141708
49.25 144060
49.26 141120
49.27 139944
49.28 137592
49.29 137004
49.3 133476
49.31 122304
49.32 120540
49.33 122304
49.34 124068
49.35 125832
49.36 131124
49.37 134652
49.38 137004
49.39 132888
49.4 135240
49.41 132300
49.42 136416
49.43 140532
49.44 138180
49.45 139944
49.46 144648
49.47 147000
49.48 147000
49.49 147000
49.5 149352
49.51 153468
49.52 152880
49.53 155820
49.54 159348
49.55 160524
49.56 162288
49.57 165816
49.58 168756
49.59 171108
49.6 174636
49.61 177576
49.62 179340
49.63 179928
49.64 180516
49.65 180516
49.66 183456
49.67 183456
49.68 186396
49.69 188160
49.7 191100
49.71 193452
49.72 195804
49.73 199920
49.74 199332
49.75 200508
49.76 196392
49.77 197568
49.78 193452
49.79 190512
49.8 192864
49.81 194040
49.82 189924
49.83 184044
49.84 170520
49.85 171108
49.86 172284
49.87 174048
49.88 165816
49.89 164640
49.9 161700
49.91 145824
49.92 148176
49.93 141120
49.94 143472
49.95 144648
49.96 145824
49.97 148176
49.98 144060
49.99 145824
