0.01 0
0.02 0
0.03 0
0.04 0
0.05 0
0.06 0
0.07 0
0.08 0
0.09 0
0.1 0
0.11 0
0.12 0
0.13 0
0.14 0
0.15 14112
0.16 46452
0.17 0
0.18 0
0.19 1176
0.2 57624
0.21 111132
0.22 160524
0.23 194040
0.24 220500
0.25 247548
0.26 278124
0.27 307524
0.28 339276
0.29 370440
0.3 388080
0.31 405132
0.32 398076
0.33 389256
0.34 389256
0.35 385140
0.36 386316
0.37 396900
0.38 396312
0.39 393960
0.4 380436
0.41 378084
0.42 371028
0.43 374556
0.44 345156
0.45 316344
0.46 288708
0.47 261660
0.48 232848
0.49 215796
0.5 186396
0.51 163464
0.52 138768
0.53 117012
0.54 94668
0.55 75264
0.56 71736
0.57 64092
0.58 44688
0.59 40572
0.6 38220
0.61 29988
0.62 20580
0.63 15288
0.64 2352
0.65 0
0.66 0
0.67 0
0.68 0
0.69 0
0.7 0
0.71 0
0.72 0
0.73 0
0.74 0
0.75 3528
0.76 9408
0.77 17052
0.78 22344
0.79 28812
0.8 34104
0.81 42336
0.82 48804
0.83 53508
0.84 59388
0.85 62916
0.86 69384
0.87 76440
0.88 81144
0.89 86436
0.9 90552
0.91 94668
0.92 98196
0.93 101724
0.94 107016
0.95 112308
0.96 115836
0.97 118188
0.98 122892
0.99 126420
1 131124
1.01 134652
1.02 139356
1.03 143472
1.04 144648
1.05 145824
1.06 148764
1.07 149352
1.08 150528
1.09 153468
1.1 154644
1.11 155232
1.12 155232
1.13 155820
1.14 156408
1.15 155232
1.16 160524
1.17 163464
1.18 166992
1.19 166992
1.2 167580
1.21 169344
1.22 169932
1.23 174048
1.24 178164
1.25 180516
1.26 179928
1.27 180516
1.28 181692
1.29 182280
1.3 178164
1.31 181104
1.32 182868
1.33 186396
1.34 189336
1.35 185220
1.36 181104
1.37 177576
1.38 171108
1.39 171108
1.4 167580
1.41 164052
1.42 166404
1.43 162876
1.44 161700
1.45 139944
1.46 132300
1.47 124656
1.48 127596
1.49 131124
1.5 127008
1.51 129360
1.52 129360
1.53 124068
1.54 122304
1.55 110544
1.56 102312
1.57 98196
1.58 97020
1.59 94080
1.6 95844
1.61 100548
1.62 104664
1.63 108192
1.64 108780
1.65 110544
1.66 116424
1.67 125832
1.68 133476
1.69 140532
1.7 148176
1.71 155232
1.72 162876
1.73 168168
1.74 169932
1.75 175224
1.76 181692
1.77 185220
1.78 191100
1.79 195804
1.8 201684
1.81 199920
1.82 199332
1.83 202860
1.84 208152
1.85 207564
1.86 211092
1.87 212268
1.88 215208
1.89 211680
1.9 211092
1.91 210504
1.92 206388
1.93 211092
1.94 206388
1.95 205800
1.96 204624
1.97 202860
1.98 201096
1.99 196980
2 190512
2.01 186396
2.02 188160
2.03 190512
2.04 189336
2.05 184632
2.06 186984
2.07 188160
2.08 187572
2.09 181104
2.1 182868
2.11 182280
2.12 176988
2.13 170520
2.14 165228
2.15 164640
2.16 164052
2.17 164052
2.18 164052
2.19 162288
2.2 161112
2.21 158172
2.22 161112
2.23 161112
2.24 161112
2.25 160524
2.26 155232
2.27 155820
2.28 158760
2.29 151116
2.3 154644
2.31 157584
2.32 156996
2.33 161700
2.34 162288
2.35 166992
2.36 172284
2.37 172284
2.38 175224
2.39 176988
2.4 181104
2.41 183456
2.42 182868
2.43 185808
2.44 185220
2.45 186984
2.46 191688
2.47 191688
2.48 188160
2.49 186984
2.5 189336
2.51 191688
2.52 196392
2.53 199332
2.54 201096
2.55 195804
2.56 186984
2.57 186396
2.58 178752
2.59 175812
2.6 177576
2.61 179340
2.62 170520
2.63 169932
2.64 166404
2.65 167580
2.66 165228
2.67 162288
2.68 166992
2.69 165228
2.7 166992
2.71 166992
2.72 168756
2.73 167580
2.74 163464
2.75 154644
2.76 156996
2.77 157584
2.78 159936
2.79 157584
2.8 156408
2.81 159348
2.82 164640
2.83 165816
2.84 169344
2.85 168168
2.86 167580
2.87 166404
2.88 171108
2.89 168168
2.9 168756
2.91 169932
2.92 167580
2.93 163464
2.94 167580
2.95 171108
2.96 174636
2.97 168168
2.98 171696
2.99 175812
3 174636
3.01 174048
3.02 175224
3.03 166404
3.04 170520
3.05 163464
3.06 165228
3.07 161700
3.08 164052
3.09 164052
3.1 164640
3.11 165228
3.12 169932
3.13 171696
3.14 175224
3.15 174636
3.16 175812
3.17 168756
3.18 164052
3.19 165816
3.2 168168
3.21 171108
3.22 166992
3.23 171696
3.24 168168
3.25 172872
3.26 172872
3.27 171696
3.28 172872
3.29 175812
3.3 172872
3.31 164640
3.32 166992
3.33 165816
3.34 159936
3.35 156996
3.36 156408
3.37 156996
3.38 154056
3.39 146412
3.4 145236
3.41 148176
3.42 142296
3.43 140532
3.44 135828
3.45 134652
3.46 129948
3.47 130536
3.48 132888
3.49 137004
3.5 138768
3.51 140532
3.52 141708
3.53 144648
3.54 153468
3.55 158172
3.56 164052
3.57 165816
3.58 171108
3.59 168756
3.6 171696
3.61 171108
3.62 178164
3.63 183456
3.64 185808
3.65 188748
3.66 192276
3.67 188748
3.68 191688
3.69 192864
3.7 196980
3.71 198744
3.72 198744
3.73 201684
3.74 203448
3.75 205212
3.76 204036
3.77 204624
3.78 195804
3.79 201096
3.8 198744
3.81 184632
3.82 183456
3.83 173460
3.84 174048
3.85 175224
3.86 171696
3.87 167580
3.88 162876
3.89 154644
3.9 152292
3.91 147588
3.92 144648
3.93 144060
3.94 144060
3.95 143472
3.96 145236
3.97 145824
3.98 142296
3.99 141120
4 140532
4.01 139356
4.02 134652
4.03 136416
4.04 137004
4.05 141120
4.06 146412
4.07 149940
4.08 144648
4.09 148764
4.1 152292
4.11 155232
4.12 156996
4.13 163464
4.14 161700
4.15 165228
4.16 171108
4.17 174636
4.18 178164
4.19 174636
4.2 176988
4.21 177576
4.22 181104
4.23 183456
4.24 181104
4.25 178752
4.26 182868
4.27 176988
4.28 175812
4.29 172284
4.3 174636
4.31 174636
4.32 173460
4.33 173460
4.34 161700
4.35 164640
4.36 165228
4.37 163464
4.38 157584
4.39 149940
4.4 145236
4.41 140532
4.42 131712
4.43 129948
4.44 122892
4.45 111720
4.46 102312
4.47 101724
4.48 103488
4.49 99960
4.5 102900
4.51 107604
4.52 108780
4.53 115248
4.54 114072
4.55 119364
4.56 122304
4.57 122892
4.58 123480
4.59 127596
4.6 132888
4.61 135828
4.62 142884
4.63 149352
4.64 158172
4.65 159348
4.66 161700
4.67 162876
4.68 165816
4.69 170520
4.7 173460
4.71 178164
4.72 184044
4.73 185808
4.74 186984
4.75 179928
4.76 184044
4.77 186396
4.78 189924
4.79 191100
4.8 194628
4.81 197568
4.82 194628
4.83 196980
4.84 200508
4.85 201684
4.86 197568
4.87 193452
4.88 194040
4.89 198744
4.9 196980
4.91 192276
4.92 193452
4.93 192864
4.94 189924
4.95 187572
4.96 181692
4.97 179340
4.98 180516
4.99 176988
5 173460
5.01 173460
5.02 169932
5.03 162288
5.04 156996
5.05 149352
5.06 152292
5.07 152292
5.08 150528
5.09 148176
5.1 148176
5.11 144060
5.12 139944
5.13 135828
5.14 135240
5.15 135240
5.16 132300
5.17 129948
5.18 132888
5.19 135240
5.2 136416
5.21 139356
5.22 144648
5.23 149352
5.24 149940
5.25 152880
5.26 154644
5.27 158172
5.28 161112
5.29 166404
5.3 170520
5.31 171108
5.32 171696
5.33 169344
5.34 168756
5.35 172872
5.36 170520
5.37 174636
5.38 176400
5.39 174048
5.4 173460
5.41 171696
5.42 171108
5.43 175224
5.44 174636
5.45 176400
5.46 174048
5.47 169344
5.48 159348
5.49 149940
5.5 150528
5.51 146412
5.52 139944
5.53 135240
5.54 135828
5.55 127008
5.56 119952
5.57 120540
5.58 119952
5.59 121128
5.6 122304
5.61 122892
5.62 122892
5.63 122892
5.64 129360
5.65 131712
5.66 134064
5.67 134064
5.68 142884
5.69 142884
5.7 143472
5.71 149352
5.72 154056
5.73 151116
5.74 156996
5.75 160524
5.76 165228
5.77 166404
5.78 172872
5.79 172872
5.8 175224
5.81 173460
5.82 180516
5.83 181104
5.84 180516
5.85 170520
5.86 172872
5.87 173460
5.88 173460
5.89 175812
5.9 179928
5.91 181692
5.92 182280
5.93 184044
5.94 185808
5.95 185808
5.96 178164
5.97 175224
5.98 177576
5.99 176400
6 169344
6.01 170520
6.02 168756
6.03 164052
6.04 162288
6.05 165228
6.06 159348
6.07 156996
6.08 156408
6.09 154056
6.1 152880
6.11 148764
6.12 149352
6.13 142296
6.14 140532
6.15 140532
6.16 144060
6.17 140532
6.18 139944
6.19 136416
6.2 140532
6.21 146412
6.22 148764
6.23 152880
6.24 159348
6.25 163464
6.26 164052
6.27 166992
6.28 171696
6.29 173460
6.3 171696
6.31 174048
6.32 176400
6.33 183456
6.34 186984
6.35 188748
6.36 192864
6.37 196980
6.38 191688
6.39 193452
6.4 195216
6.41 196980
6.42 201096
6.43 193452
6.44 191688
6.45 191688
6.46 191688
6.47 187572
6.48 184044
6.49 175224
6.5 172872
6.51 172872
6.52 161112
6.53 159348
6.54 158172
6.55 156408
6.56 147000
6.57 140532
6.58 138768
6.59 134064
6.6 132300
6.61 128772
6.62 124656
6.63 121128
6.64 117012
6.65 115836
6.66 114660
6.67 107016
6.68 106428
6.69 102900
6.7 104664
6.71 109956
6.72 115248
6.73 118776
6.74 123480
6.75 123480
6.76 117600
6.77 119364
6.78 117600
6.79 125832
6.8 130536
6.81 125244
6.82 129948
6.83 131124
6.84 131124
6.85 135828
6.86 143472
6.87 146412
6.88 142296
6.89 147588
6.9 148764
6.91 146412
6.92 152880
6.93 152292
6.94 156996
6.95 162288
6.96 167580
6.97 169932
6.98 171696
6.99 169932
7 173460
7.01 178164
7.02 178164
7.03 179928
7.04 180516
7.05 179340
7.06 181104
7.07 186984
7.08 191100
7.09 194628
7.1 197568
7.11 199920
7.12 199332
7.13 198744
7.14 196980
7.15 200508
7.16 198744
7.17 195216
7.18 192864
7.19 183456
7.2 182868
7.21 176400
7.22 173460
7.23 169932
7.24 169344
7.25 164640
7.26 164640
7.27 162876
7.28 154056
7.29 143472
7.3 140532
7.31 140532
7.32 138180
7.33 140532
7.34 136416
7.35 141120
7.36 142296
7.37 142884
7.38 144648
7.39 138768
7.4 141708
7.41 146412
7.42 148764
7.43 154644
7.44 151704
7.45 149352
7.46 152880
7.47 154056
7.48 158760
7.49 164640
7.5 166992
7.51 169344
7.52 171108
7.53 171696
7.54 176988
7.55 166404
7.56 167580
7.57 169932
7.58 175224
7.59 176400
7.6 176988
7.61 180516
7.62 176400
7.63 179928
7.64 171108
7.65 173460
7.66 176400
7.67 171696
7.68 166992
7.69 168756
7.7 166404
7.71 165228
7.72 164052
7.73 162876
7.74 161112
7.75 165228
7.76 160524
7.77 164640
7.78 168756
7.79 167580
7.8 164640
7.81 159936
7.82 152880
7.83 154644
7.84 156408
7.85 161700
7.86 167580
7.87 169932
7.88 168168
7.89 169344
7.9 166404
7.91 166404
7.92 168168
7.93 171696
7.94 174048
7.95 175224
7.96 175224
7.97 181104
7.98 186984
7.99 190512
8 193452
8.01 196980
8.02 196392
8.03 196980
8.04 195804
8.05 196980
8.06 196392
8.07 204036
8.08 201684
8.09 198744
8.1 200508
8.11 201684
8.12 197568
8.13 199920
8.14 205212
8.15 207564
8.16 209916
8.17 206976
8.18 200508
8.19 203448
8.2 203448
8.21 200508
8.22 208152
8.23 210504
8.24 209328
8.25 208740
8.26 202860
8.27 201684
8.28 194040
8.29 192276
8.3 194040
8.31 199920
8.32 195804
8.33 191100
8.34 191688
8.35 190512
8.36 184044
8.37 181692
8.38 178164
8.39 179340
8.4 180516
8.41 178164
8.42 175812
8.43 172284
8.44 172284
8.45 172872
8.46 172872
8.47 168756
8.48 172872
8.49 169344
8.5 165816
8.51 168756
8.52 169344
8.53 165228
8.54 168168
8.55 169344
8.56 167580
8.57 169932
8.58 169932
8.59 165228
8.6 162876
8.61 162876
8.62 159936
8.63 166404
8.64 168756
8.65 167580
8.66 169344
8.67 166404
8.68 161700
8.69 168168
8.7 170520
8.71 169344
8.72 170520
8.73 158172
8.74 162288
8.75 161112
8.76 153468
8.77 159348
8.78 163464
8.79 164052
8.8 160524
8.81 162876
8.82 164640
8.83 164052
8.84 166404
8.85 165228
8.86 165228
8.87 166992
8.88 165228
8.89 165228
8.9 166992
8.91 170520
8.92 171108
8.93 166404
8.94 168756
8.95 172872
8.96 166992
8.97 168168
8.98 169932
8.99 171696
9 170520
9.01 171696
9.02 169932
9.03 167580
9.04 168756
9.05 168168
9.06 167580
9.07 165228
9.08 166404
9.09 166992
9.1 169344
9.11 167580
9.12 169932
9.13 167580
9.14 164640
9.15 158760
9.16 159348
9.17 154644
9.18 158760
9.19 159936
9.2 158760
9.21 154644
9.22 148176
9.23 149352
9.24 150528
9.25 157584
9.26 153468
9.27 149940
9.28 148176
9.29 147588
9.3 149352
9.31 145824
9.32 147000
9.33 153468
9.34 151704
9.35 152880
9.36 156408
9.37 159936
9.38 164052
9.39 170520
9.4 171696
9.41 173460
9.42 173460
9.43 175812
9.44 180516
9.45 179928
9.46 183456
9.47 187572
9.48 188160
9.49 188748
9.5 191100
9.51 192276
9.52 194040
9.53 196980
9.54 198156
9.55 196980
9.56 199332
9.57 194040
9.58 187572
9.59 178164
9.6 168756
9.61 156408
9.62 151116
9.63 148176
9.64 144648
9.65 140532
9.66 129360
9.67 123480
9.68 121716
9.69 123480
9.7 116424
9.71 112896
9.72 109956
9.73 108192
9.74 114072
9.75 116424
9.76 106428
9.77 110544
9.78 115248
9.79 118776
9.8 125832
9.81 130536
9.82 137004
9.83 138180
9.84 143472
9.85 142884
9.86 147000
9.87 150528
9.88 155232
9.89 162876
9.9 168168
9.91 169932
9.92 172872
9.93 176988
9.94 179340
9.95 182280
9.96 186396
9.97 191688
9.98 192276
9.99 194628
10 196980
10.01 201096
10.02 205212
10.03 205212
10.04 206388
10.05 211680
10.06 211680
10.07 209328
10.08 204624
10.09 198744
10.1 199332
10.11 198156
10.12 196392
10.13 185220
10.14 185808
10.15 182280
10.16 175812
10.17 172284
10.18 163464
10.19 166404
10.2 164640
10.21 161112
10.22 152880
10.23 151116
10.24 142884
10.25 139944
10.26 138180
10.27 131712
10.28 124068
10.29 123480
10.3 119364
10.31 111132
10.32 111132
10.33 104076
10.34 107604
10.35 112896
10.36 118188
10.37 118776
10.38 123480
10.39 126420
10.4 129948
10.41 135828
10.42 139356
10.43 144060
10.44 145824
10.45 146412
10.46 153468
10.47 156408
10.48 162876
10.49 168168
10.5 166404
10.51 169932
10.52 173460
10.53 171696
10.54 174048
10.55 181104
10.56 181692
10.57 182280
10.58 185808
10.59 187572
10.6 181692
10.61 185808
10.62 181692
10.63 188160
10.64 186984
10.65 186984
10.66 183456
10.67 180516
10.68 178164
10.69 175812
10.7 172284
10.71 166992
10.72 168756
10.73 165228
10.74 161112
10.75 159348
10.76 159348
10.77 159348
10.78 158172
10.79 144060
10.8 145236
10.81 142296
10.82 145236
10.83 144060
10.84 147000
10.85 145236
10.86 146412
10.87 153468
10.88 149940
10.89 151704
10.9 156996
10.91 157584
10.92 161112
10.93 163464
10.94 167580
10.95 172284
10.96 179928
10.97 184044
10.98 186984
10.99 192864
11 190512
11.01 193452
11.02 194040
11.03 197568
11.04 195804
11.05 199920
11.06 199920
11.07 203448
11.08 202272
11.09 202272
11.1 202272
11.11 199920
11.12 198156
11.13 194628
11.14 186984
11.15 184632
11.16 188160
11.17 184632
11.18 179340
11.19 173460
11.2 172284
11.21 169932
11.22 161700
11.23 161112
11.24 156996
11.25 159936
11.26 164640
11.27 166404
11.28 165816
11.29 162288
11.3 164052
11.31 159348
11.32 159348
11.33 158760
11.34 153468
11.35 155820
11.36 156408
11.37 154644
11.38 158760
11.39 161700
11.4 168168
11.41 166404
11.42 165228
11.43 168756
11.44 165228
11.45 166992
11.46 165816
11.47 165816
11.48 168756
11.49 168756
11.5 171696
11.51 175224
11.52 179340
11.53 181692
11.54 187572
11.55 192276
11.56 196392
11.57 197568
11.58 202860
11.59 199920
11.6 202860
11.61 208152
11.62 205212
11.63 209328
11.64 210504
11.65 209328
11.66 212856
11.67 211092
11.68 208152
11.69 208740
11.7 213444
11.71 209916
11.72 209916
11.73 210504
11.74 203448
11.75 199332
11.76 202860
11.77 203448
11.78 186396
11.79 187572
11.8 187572
11.81 186984
11.82 176988
11.83 171108
11.84 165228
11.85 165228
11.86 157584
11.87 153468
11.88 153468
11.89 150528
11.9 147588
11.91 142296
11.92 132888
11.93 130536
11.94 130536
11.95 128772
11.96 121128
11.97 126420
11.98 128184
11.99 132300
12 134064
12.01 137004
12.02 135828
12.03 137592
12.04 142884
12.05 151116
12.06 151116
12.07 154644
12.08 155820
12.09 161700
12.1 165228
12.11 167580
12.12 173460
12.13 175224
12.14 175812
12.15 176988
12.16 177576
12.17 182280
12.18 181104
12.19 181692
12.2 178752
12.21 182280
12.22 184044
12.23 181692
12.24 178164
12.25 181104
12.26 179340
12.27 178164
12.28 169932
12.29 169344
12.3 161112
12.31 160524
12.32 161700
12.33 147000
12.34 145236
12.35 145236
12.36 137592
12.37 137592
12.38 138768
12.39 136416
12.4 138180
12.41 134652
12.42 132300
12.43 129948
12.44 124656
12.45 123480
12.46 126420
12.47 131124
12.48 131712
12.49 138768
12.5 144648
12.51 147000
12.52 146412
12.53 148176
12.54 148176
12.55 151116
12.56 157584
12.57 162288
12.58 168168
12.59 169932
12.6 173460
12.61 171108
12.62 174048
12.63 177576
12.64 183456
12.65 187572
12.66 192864
12.67 196392
12.68 195216
12.69 197568
12.7 199920
12.71 204036
12.72 205212
12.73 205212
12.74 199332
12.75 199920
12.76 197568
12.77 197568
12.78 199332
12.79 196980
12.8 189924
12.81 193452
12.82 191100
12.83 188160
12.84 185808
12.85 184632
12.86 180516
12.87 178752
12.88 178164
12.89 171696
12.9 166404
12.91 161700
12.92 156408
12.93 158172
12.94 145824
12.95 143472
12.96 144060
12.97 137592
12.98 129948
12.99 128184
13 127596
13.01 131124
13.02 131712
13.03 128772
13.04 131124
13.05 126420
13.06 121128
13.07 122892
13.08 122892
13.09 123480
13.1 122892
13.11 127008
13.12 132888
13.13 137004
13.14 137004
13.15 138768
13.16 141120
13.17 146412
13.18 149940
13.19 152292
13.2 156408
13.21 159348
13.22 159348
13.23 163464
13.24 164052
13.25 166404
13.26 167580
13.27 167580
13.28 171108
13.29 174048
13.3 174636
13.31 176988
13.32 180516
13.33 179928
13.34 183456
13.35 184044
13.36 186396
13.37 186396
13.38 188160
13.39 189924
13.4 187572
13.41 188160
13.42 186396
13.43 182868
13.44 178752
13.45 176400
13.46 174636
13.47 172872
13.48 175812
13.49 179340
13.5 180516
13.51 176400
13.52 169344
13.53 168168
13.54 161112
13.55 160524
13.56 156408
13.57 161112
13.58 160524
13.59 158172
13.6 154644
13.61 154644
13.62 145236
13.63 140532
13.64 142884
13.65 146412
13.66 148176
13.67 145236
13.68 144060
13.69 140532
13.7 147000
13.71 155232
13.72 153468
13.73 157584
13.74 161700
13.75 164052
13.76 169344
13.77 172284
13.78 175224
13.79 181104
13.8 177576
13.81 181104
13.82 184044
13.83 189924
13.84 195216
13.85 193452
13.86 196392
13.87 199332
13.88 201684
13.89 195216
13.9 196392
13.91 201684
13.92 205800
13.93 209916
13.94 205212
13.95 199920
13.96 202860
13.97 203448
13.98 198744
13.99 191100
14 193452
14.01 196980
14.02 198744
14.03 194628
14.04 194040
14.05 188748
14.06 186396
14.07 184044
14.08 178752
14.09 172284
14.1 169932
14.11 168756
14.12 167580
14.13 170520
14.14 169932
14.15 168168
14.16 163464
14.17 165228
14.18 159936
14.19 162876
14.2 167580
14.21 171108
14.22 174636
14.23 171696
14.24 164640
14.25 166992
14.26 161112
14.27 158172
14.28 162876
14.29 164052
14.3 161700
14.31 158172
14.32 164640
14.33 167580
14.34 166992
14.35 166992
14.36 174048
14.37 171696
14.38 174048
14.39 172284
14.4 174636
14.41 175224
14.42 176988
14.43 182868
14.44 184632
14.45 186984
14.46 189924
14.47 191688
14.48 192864
14.49 194040
14.5 184044
14.51 180516
14.52 180516
14.53 183456
14.54 179928
14.55 179340
14.56 174048
14.57 169344
14.58 166404
14.59 169932
14.6 168168
14.61 164640
14.62 159936
14.63 155820
14.64 145824
14.65 151116
14.66 145236
14.67 139944
14.68 140532
14.69 133476
14.7 132888
14.71 132300
14.72 129948
14.73 133476
14.74 131712
14.75 134652
14.76 132888
14.77 133476
14.78 133476
14.79 134652
14.8 139356
14.81 138180
14.82 144648
14.83 147588
14.84 150528
14.85 154056
14.86 158760
14.87 164640
14.88 170520
14.89 171108
14.9 172872
14.91 169344
14.92 168168
14.93 168168
14.94 169932
14.95 174048
14.96 179340
14.97 181104
14.98 181104
14.99 179928
15 179928
15.01 176988
15.02 176400
15.03 176988
15.04 174636
15.05 176988
15.06 167580
15.07 169344
15.08 164640
15.09 159936
15.1 162288
15.11 161700
15.12 159936
15.13 152292
15.14 149940
15.15 149352
15.16 149940
15.17 146412
15.18 145824
15.19 141120
15.2 141120
15.21 135828
15.22 134064
15.23 130536
15.24 134064
15.25 139356
15.26 141120
15.27 142884
15.28 145236
15.29 147000
15.3 147588
15.31 152880
15.32 159348
15.33 163464
15.34 165816
15.35 169932
15.36 174636
15.37 175224
15.38 176988
15.39 182868
15.4 186396
15.41 189924
15.42 195216
15.43 192864
15.44 194040
15.45 189924
15.46 189924
15.47 189924
15.48 191688
15.49 192864
15.5 196980
15.51 198156
15.52 193452
15.53 185808
15.54 176400
15.55 172872
15.56 169932
15.57 169932
15.58 169932
15.59 164052
15.6 159348
15.61 158172
15.62 151116
15.63 147588
15.64 149352
15.65 144060
15.66 144648
15.67 141708
15.68 140532
15.69 142296
15.7 141120
15.71 142296
15.72 142884
15.73 148764
15.74 146412
15.75 148176
15.76 152292
15.77 158760
15.78 162876
15.79 166404
15.8 169932
15.81 173460
15.82 176400
15.83 175224
15.84 172872
15.85 171108
15.86 174636
15.87 174636
15.88 178164
15.89 179928
15.9 181104
15.91 183456
15.92 181692
15.93 176400
15.94 175224
15.95 174048
15.96 177576
15.97 176988
15.98 171108
15.99 168168
16 164052
16.01 164640
16.02 162876
16.03 159936
16.04 154644
16.05 146412
16.06 148764
16.07 142884
16.08 140532
16.09 138768
16.1 137592
16.11 134064
16.12 125832
16.13 119952
16.14 121716
16.15 122892
16.16 129360
16.17 133476
16.18 138180
16.19 139356
16.2 142884
16.21 144648
16.22 150528
16.23 155820
16.24 160524
16.25 165228
16.26 165228
16.27 168168
16.28 174048
16.29 175812
16.3 182280
16.31 184632
16.32 190512
16.33 188748
16.34 186396
16.35 187572
16.36 191688
16.37 192276
16.38 192864
16.39 194040
16.4 196980
16.41 201096
16.42 205800
16.43 205800
16.44 201684
16.45 206976
16.46 202272
16.47 197568
16.48 196980
16.49 189336
16.5 192276
16.51 193452
16.52 188748
16.53 182868
16.54 184632
16.55 178164
16.56 172284
16.57 163464
16.58 159936
16.59 155820
16.6 150528
16.61 152292
16.62 156996
16.63 160524
16.64 162876
16.65 155820
16.66 156996
16.67 157584
16.68 161112
16.69 166404
16.7 166404
16.71 168168
16.72 170520
16.73 171696
16.74 175224
16.75 176988
16.76 178164
16.77 183456
16.78 186396
16.79 182868
16.8 183456
16.81 181104
16.82 187572
16.83 187572
16.84 186396
16.85 191100
16.86 191688
16.87 194040
16.88 194628
16.89 192864
16.9 191688
16.91 189336
16.92 177576
16.93 176988
16.94 177576
16.95 178752
16.96 179340
16.97 175812
16.98 175812
16.99 175812
17 175224
17.01 171108
17.02 166404
17.03 163464
17.04 166404
17.05 168756
17.06 167580
17.07 165816
17.08 165228
17.09 165228
17.1 164640
17.11 163464
17.12 162288
17.13 160524
17.14 157584
17.15 159936
17.16 158172
17.17 148764
17.18 150528
17.19 154056
17.2 156996
17.21 159936
17.22 154644
17.23 148764
17.24 148764
17.25 149940
17.26 154056
17.27 155232
17.28 159936
17.29 159936
17.3 162288
17.31 167580
17.32 172872
17.33 175224
17.34 181692
17.35 181692
17.36 185220
17.37 184632
17.38 186984
17.39 192864
17.4 194628
17.41 198156
17.42 199920
17.43 201096
17.44 201684
17.45 207564
17.46 206976
17.47 211680
17.48 212268
17.49 203448
17.5 199332
17.51 199920
17.52 196980
17.53 188748
17.54 189924
17.55 179928
17.56 174636
17.57 172872
17.58 173460
17.59 172872
17.6 172284
17.61 170520
17.62 161112
17.63 164052
17.64 161700
17.65 163464
17.66 163464
17.67 161700
17.68 156996
17.69 159936
17.7 158172
17.71 162876
17.72 162288
17.73 154644
17.74 153468
17.75 152292
17.76 151704
17.77 157584
17.78 160524
17.79 164052
17.8 164052
17.81 164640
17.82 166992
17.83 169344
17.84 173460
17.85 170520
17.86 172284
17.87 173460
17.88 175224
17.89 176988
17.9 181692
17.91 181692
17.92 184632
17.93 184044
17.94 184632
17.95 176988
17.96 174636
17.97 176400
17.98 181692
17.99 179928
18 181692
18.01 178164
18.02 174048
18.03 169344
18.04 169344
18.05 161700
18.06 162288
18.07 158172
18.08 151704
18.09 152292
18.1 149940
18.11 142884
18.12 137004
18.13 133476
18.14 135240
18.15 134652
18.16 129360
18.17 122304
18.18 118188
18.19 115836
18.2 117012
18.21 122304
18.22 129360
18.23 134652
18.24 138180
18.25 145236
18.26 150528
18.27 156408
18.28 158172
18.29 161112
18.3 162288
18.31 168168
18.32 173460
18.33 180516
18.34 183456
18.35 189924
18.36 189924
18.37 192864
18.38 196392
18.39 198156
18.4 197568
18.41 201684
18.42 201096
18.43 201096
18.44 202860
18.45 198744
18.46 201096
18.47 205212
18.48 202272
18.49 204624
18.5 206976
18.51 208740
18.52 205212
18.53 199920
18.54 196980
18.55 194040
18.56 194628
18.57 198156
18.58 197568
18.59 190512
18.6 192276
18.61 193452
18.62 192864
18.63 191688
18.64 190512
18.65 186396
18.66 185220
18.67 179928
18.68 178164
18.69 178164
18.7 179340
18.71 176400
18.72 176988
18.73 169344
18.74 158760
18.75 159348
18.76 158760
18.77 162876
18.78 165816
18.79 169344
18.8 168756
18.81 166992
18.82 155232
18.83 158172
18.84 161700
18.85 166404
18.86 166992
18.87 164640
18.88 164640
18.89 165228
18.9 169932
18.91 169344
18.92 174636
18.93 178164
18.94 181104
18.95 186984
18.96 189924
18.97 186984
18.98 186396
18.99 192276
19 191688
19.01 196980
19.02 196980
19.03 196980
19.04 201684
19.05 204036
19.06 205800
19.07 209916
19.08 201684
19.09 198156
19.1 198744
19.11 199920
19.12 198744
19.13 202860
19.14 204036
19.15 203448
19.16 198744
19.17 198744
19.18 196980
19.19 196392
19.2 192864
19.21 186396
19.22 183456
19.23 181104
19.24 169932
19.25 174636
19.26 167580
19.27 167580
19.28 164640
19.29 166404
19.3 159936
19.31 159348
19.32 156408
19.33 160524
19.34 160524
19.35 162288
19.36 157584
19.37 153468
19.38 153468
19.39 153468
19.4 146412
19.41 147588
19.42 147000
19.43 148176
19.44 145236
19.45 147000
19.46 154644
19.47 159348
19.48 166404
19.49 168168
19.5 169932
19.51 174048
19.52 178164
19.53 179928
19.54 184632
19.55 188160
19.56 189336
19.57 194628
19.58 200508
19.59 204036
19.6 205800
19.61 209328
19.62 210504
19.63 209916
19.64 205800
19.65 210504
19.66 205800
19.67 200508
19.68 199332
19.69 196392
19.7 198744
19.71 193452
19.72 188160
19.73 181692
19.74 180516
19.75 181104
19.76 185808
19.77 181104
19.78 173460
19.79 169932
19.8 172284
19.81 165816
19.82 158172
19.83 158172
19.84 157584
19.85 151704
19.86 152292
19.87 145824
19.88 146412
19.89 149940
19.9 155232
19.91 150528
19.92 149352
19.93 154644
19.94 158172
19.95 158172
19.96 159348
19.97 159348
19.98 159936
19.99 164640
20 168756
20.01 173460
20.02 178164
20.03 179928
20.04 183456
20.05 186984
20.06 191100
20.07 194040
20.08 197568
20.09 193452
20.1 197568
20.11 191100
20.12 188160
20.13 189336
20.14 192276
20.15 196980
20.16 199920
20.17 199920
20.18 194628
20.19 194628
20.2 196392
20.21 186396
20.22 173460
20.23 176400
20.24 175812
20.25 156996
20.26 151704
20.27 148764
20.28 145824
20.29 144648
20.3 143472
20.31 145824
20.32 149940
20.33 145236
20.34 141708
20.35 143472
20.36 138768
20.37 137592
20.38 143472
20.39 145236
20.4 143472
20.41 142296
20.42 149352
20.43 149352
20.44 154644
20.45 155232
20.46 161112
20.47 163464
20.48 166992
20.49 171696
20.5 177576
20.51 172872
20.52 180516
20.53 181692
20.54 185808
20.55 190512
20.56 195216
20.57 199920
20.58 204036
20.59 202860
20.6 202860
20.61 202272
20.62 201684
20.63 200508
20.64 198744
20.65 200508
20.66 197568
20.67 199920
20.68 196392
20.69 196392
20.7 195216
20.71 191100
20.72 185220
20.73 181692
20.74 181104
20.75 177576
20.76 171696
20.77 171696
20.78 169932
20.79 166404
20.8 162288
20.81 151704
20.82 145236
20.83 143472
20.84 147588
20.85 146412
20.86 142884
20.87 144648
20.88 144060
20.89 134064
20.9 129360
20.91 128184
20.92 129360
20.93 128772
20.94 125832
20.95 128772
20.96 132888
20.97 138768
20.98 141708
20.99 148176
21 150528
21.01 153468
21.02 152880
21.03 158760
21.04 165228
21.05 169344
21.06 175812
21.07 178164
21.08 181104
21.09 186984
21.1 189336
21.11 192276
21.12 198156
21.13 202272
21.14 203448
21.15 209916
21.16 212268
21.17 216384
21.18 216972
21.19 219912
21.2 222264
21.21 225792
21.22 224028
21.23 223440
21.24 222264
21.25 218148
21.26 218736
21.27 219912
21.28 222852
21.29 221088
21.3 223440
21.31 226380
21.32 224028
21.33 218736
21.34 214620
21.35 214032
21.36 216972
21.37 216972
21.38 211680
21.39 206388
21.4 206976
21.41 202272
21.42 192864
21.43 188160
21.44 189924
21.45 189924
21.46 185808
21.47 178752
21.48 174048
21.49 175812
21.5 174048
21.51 166992
21.52 162876
21.53 153468
21.54 154644
21.55 151704
21.56 151116
21.57 151704
21.58 148764
21.59 149940
21.6 149940
21.61 147000
21.62 149940
21.63 153468
21.64 156408
21.65 151704
21.66 153468
21.67 155820
21.68 151704
21.69 158172
21.7 164052
21.71 163464
21.72 168756
21.73 169932
21.74 170520
21.75 176988
21.76 178164
21.77 182280
21.78 184044
21.79 186984
21.8 191688
21.81 195804
21.82 195804
21.83 198156
21.84 199332
21.85 198744
21.86 201684
21.87 201684
21.88 206388
21.89 209328
21.9 210504
21.91 207564
21.92 208740
21.93 209328
21.94 206388
21.95 201684
21.96 198744
21.97 199332
21.98 196392
21.99 195216
22 191100
22.01 189336
22.02 187572
22.03 188160
22.04 182280
22.05 181104
22.06 182868
22.07 170520
22.08 170520
22.09 165228
22.1 165816
22.11 162876
22.12 164052
22.13 158172
22.14 159348
22.15 159348
22.16 159936
22.17 164052
22.18 158760
22.19 146412
22.2 140532
22.21 137004
22.22 125244
22.23 126420
22.24 126420
22.25 127008
22.26 130536
22.27 131124
22.28 135240
22.29 135240
22.3 138180
22.31 143472
22.32 148176
22.33 152292
22.34 159348
22.35 164640
22.36 168756
22.37 174048
22.38 177576
22.39 181104
22.4 185220
22.41 190512
22.42 193452
22.43 197568
22.44 197568
22.45 199332
22.46 202272
22.47 204624
22.48 206388
22.49 208152
22.5 213444
22.51 216384
22.52 217560
22.53 218148
22.54 212856
22.55 214620
22.56 212856
22.57 212268
22.58 205800
22.59 199332
22.6 197568
22.61 199920
22.62 196980
22.63 192276
22.64 191100
22.65 184044
22.66 181692
22.67 173460
22.68 175812
22.69 176988
22.7 175224
22.71 175812
22.72 176988
22.73 176400
22.74 174636
22.75 166404
22.76 169932
22.77 165228
22.78 162876
22.79 161700
22.8 158172
22.81 161112
22.82 156408
22.83 150528
22.84 149352
22.85 153468
22.86 145824
22.87 148764
22.88 134652
22.89 127596
22.9 124656
22.91 125832
22.92 123480
22.93 122304
22.94 127008
22.95 127008
22.96 135240
22.97 137592
22.98 142884
22.99 143472
23 147588
23.01 149352
23.02 155232
23.03 160524
23.04 165228
23.05 165228
23.06 170520
23.07 171696
23.08 174048
23.09 176988
23.1 182868
23.11 179340
23.12 179340
23.13 179928
23.14 175812
23.15 178752
23.16 178164
23.17 178164
23.18 181692
23.19 180516
23.2 183456
23.21 182868
23.22 177576
23.23 170520
23.24 165816
23.25 162288
23.26 165816
23.27 166404
23.28 159348
23.29 158760
23.3 148764
23.31 147588
23.32 141708
23.33 138768
23.34 139356
23.35 138180
23.36 136416
23.37 131124
23.38 128772
23.39 128184
23.4 130536
23.41 132300
23.42 134064
23.43 134064
23.44 129948
23.45 134064
23.46 135828
23.47 137004
23.48 136416
23.49 139356
23.5 144648
23.51 144648
23.52 149940
23.53 155820
23.54 161112
23.55 165816
23.56 172872
23.57 174048
23.58 176400
23.59 181692
23.6 185808
23.61 192276
23.62 199920
23.63 201684
23.64 205212
23.65 204624
23.66 200508
23.67 201684
23.68 205800
23.69 207564
23.7 211680
23.71 214620
23.72 211680
23.73 211092
23.74 205800
23.75 199332
23.76 199920
23.77 195216
23.78 194040
23.79 194040
23.8 195804
23.81 195216
23.82 188160
23.83 181692
23.84 175812
23.85 170520
23.86 169932
23.87 172284
23.88 169932
23.89 169344
23.9 166992
23.91 165816
23.92 164052
23.93 161112
23.94 157584
23.95 158172
23.96 154056
23.97 154056
23.98 155820
23.99 157584
24 159936
24.01 163464
24.02 164640
24.03 165816
24.04 167580
24.05 169344
24.06 168756
24.07 168756
24.08 172872
24.09 176400
24.1 177576
24.11 181104
24.12 182868
24.13 184632
24.14 186984
24.15 188160
24.16 188160
24.17 192276
24.18 194628
24.19 196980
24.2 201684
24.21 203448
24.22 202272
24.23 199920
24.24 200508
24.25 195216
24.26 194628
24.27 189924
24.28 182868
24.29 179928
24.3 183456
24.31 180516
24.32 175224
24.33 174636
24.34 172284
24.35 164640
24.36 168756
24.37 168168
24.38 173460
24.39 172872
24.4 172284
24.41 173460
24.42 174048
24.43 172872
24.44 169932
24.45 161700
24.46 159348
24.47 162288
24.48 165228
24.49 169932
24.5 163464
24.51 167580
24.52 165228
24.53 161700
24.54 159936
24.55 164640
24.56 168756
24.57 165228
24.58 165816
24.59 160524
24.6 154644
24.61 155232
24.62 158172
24.63 160524
24.64 166404
24.65 170520
24.66 175812
24.67 177576
24.68 179340
24.69 182868
24.7 181692
24.71 182868
24.72 185808
24.73 190512
24.74 195216
24.75 199920
24.76 202860
24.77 204036
24.78 207564
24.79 206976
24.8 211680
24.81 213444
24.82 218736
24.83 222264
24.84 221088
24.85 213444
24.86 217560
24.87 216972
24.88 217560
24.89 219324
24.9 219912
24.91 222852
24.92 224616
24.93 218736
24.94 222264
24.95 217560
24.96 213444
24.97 207564
24.98 206976
24.99 208152
25 204624
25.01 207564
25.02 205212
25.03 202860
25.04 207564
25.05 205800
25.06 208152
25.07 206976
25.08 206388
25.09 204036
25.1 204036
25.11 197568
25.12 191100
25.13 195804
25.14 190512
25.15 191688
25.16 178752
25.17 175224
25.18 171696
25.19 169932
25.2 176400
25.21 182868
25.22 181104
25.23 174636
25.24 174636
25.25 174636
25.26 169932
25.27 164052
25.28 166992
25.29 168756
25.3 164640
25.31 161700
25.32 156996
25.33 156996
25.34 156996
25.35 161112
25.36 162876
25.37 165228
25.38 164640
25.39 165816
25.4 162288
25.41 160524
25.42 161112
25.43 160524
25.44 159936
25.45 161700
25.46 159936
25.47 162288
25.48 166992
25.49 169344
25.5 176400
25.51 176400
25.52 180516
25.53 182868
25.54 188160
25.55 189924
25.56 197568
25.57 202272
25.58 205212
25.59 205800
25.6 208740
25.61 208740
25.62 209916
25.63 209328
25.64 214032
25.65 215208
25.66 215796
25.67 217560
25.68 216384
25.69 219324
25.7 218736
25.71 213444
25.72 208152
25.73 206388
25.74 204624
25.75 205800
25.76 205212
25.77 195804
25.78 195804
25.79 194628
25.8 198156
25.81 196392
25.82 194040
25.83 195804
25.84 196392
25.85 190512
25.86 187572
25.87 180516
25.88 182868
25.89 186984
25.9 175812
25.91 176400
25.92 176400
25.93 178164
25.94 171696
25.95 171696
25.96 166404
25.97 171696
25.98 173460
25.99 171696
26 171696
26.01 170520
26.02 169344
26.03 170520
26.04 170520
26.05 168168
26.06 167580
26.07 167580
26.08 165228
26.09 155820
26.1 158172
26.11 154644
26.12 147588
26.13 145824
26.14 144648
26.15 152292
26.16 148764
26.17 147588
26.18 149352
26.19 148176
26.2 142296
26.21 139944
26.22 142884
26.23 146412
26.24 151116
26.25 155232
26.26 156996
26.27 161700
26.28 165228
26.29 165816
26.3 164640
26.31 168756
26.32 171108
26.33 170520
26.34 173460
26.35 178752
26.36 185808
26.37 187572
26.38 188160
26.39 192864
26.4 197568
26.41 202860
26.42 202860
26.43 205212
26.44 206976
26.45 209916
26.46 208740
26.47 210504
26.48 212268
26.49 209916
26.5 209328
26.51 196392
26.52 196392
26.53 197568
26.54 195804
26.55 184044
26.56 179928
26.57 176400
26.58 176400
26.59 172872
26.6 171696
26.61 168168
26.62 162288
26.63 151704
26.64 148764
26.65 140532
26.66 145824
26.67 143472
26.68 142884
26.69 139944
26.7 142296
26.71 143472
26.72 144060
26.73 145236
26.74 147000
26.75 148176
26.76 140532
26.77 140532
26.78 142296
26.79 147588
26.8 154056
26.81 153468
26.82 154644
26.83 159348
26.84 165228
26.85 167580
26.86 164640
26.87 169344
26.88 172284
26.89 176988
26.9 182280
26.91 184632
26.92 188160
26.93 191688
26.94 192864
26.95 195216
26.96 198744
26.97 199332
26.98 201684
26.99 201096
27 205800
27.01 206388
27.02 207564
27.03 209328
27.04 210504
27.05 208152
27.06 209328
27.07 206388
27.08 199332
27.09 194628
27.1 193452
27.11 192864
27.12 187572
27.13 186396
27.14 184044
27.15 170520
27.16 164640
27.17 156408
27.18 155232
27.19 160524
27.2 161112
27.21 161700
27.22 159348
27.23 155232
27.24 154056
27.25 155232
27.26 150528
27.27 145236
27.28 143472
27.29 141708
27.3 137004
27.31 132300
27.32 133476
27.33 135828
27.34 142884
27.35 145236
27.36 150528
27.37 155232
27.38 160524
27.39 161112
27.4 166992
27.41 171108
27.42 173460
27.43 178164
27.44 179928
27.45 186396
27.46 188748
27.47 188160
27.48 189336
27.49 192276
27.5 195216
27.51 198744
27.52 202272
27.53 203448
27.54 207564
27.55 212268
27.56 215796
27.57 215208
27.58 211680
27.59 214032
27.6 208740
27.61 199920
27.62 197568
27.63 196392
27.64 197568
27.65 194040
27.66 197568
27.67 194628
27.68 191688
27.69 193452
27.7 184632
27.71 178752
27.72 180516
27.73 180516
27.74 182868
27.75 184044
27.76 182280
27.77 178164
27.78 179928
27.79 175812
27.8 171108
27.81 173460
27.82 172284
27.83 176400
27.84 167580
27.85 161112
27.86 162876
27.87 165228
27.88 158172
27.89 156408
27.9 154056
27.91 155232
27.92 156996
27.93 159936
27.94 156408
27.95 157584
27.96 158172
27.97 158760
27.98 161700
27.99 162288
28 161700
28.01 167580
28.02 172284
28.03 172872
28.04 176988
28.05 181104
28.06 179340
28.07 176400
28.08 179928
28.09 184632
28.1 185808
28.11 186396
28.12 190512
28.13 195804
28.14 199920
28.15 202860
28.16 199332
28.17 202860
28.18 202860
28.19 198744
28.2 192276
28.21 196392
28.22 195804
28.23 199332
28.24 192276
28.25 184632
28.26 187572
28.27 187572
28.28 187572
28.29 184044
28.3 185808
28.31 181104
28.32 169932
28.33 166404
28.34 165816
28.35 163464
28.36 161112
28.37 158172
28.38 155820
28.39 159348
28.4 156408
28.41 153468
28.42 155232
28.43 154644
28.44 151116
28.45 147588
28.46 144060
28.47 138180
28.48 138180
28.49 142296
28.5 143472
28.51 145824
28.52 148176
28.53 149352
28.54 155232
28.55 161112
28.56 160524
28.57 166404
28.58 170520
28.59 171696
28.6 176400
28.61 183456
28.62 188748
28.63 192276
28.64 188748
28.65 186396
28.66 189924
28.67 189924
28.68 192864
28.69 189924
28.7 193452
28.71 195216
28.72 195216
28.73 197568
28.74 198744
28.75 194628
28.76 191688
28.77 191100
28.78 190512
28.79 192864
28.8 190512
28.81 181692
28.82 175812
28.83 178164
28.84 175224
28.85 166404
28.86 169932
28.87 169932
28.88 167580
28.89 168756
28.9 161112
28.91 155232
28.92 150528
28.93 155232
28.94 152292
28.95 148176
28.96 141708
28.97 144060
28.98 145236
28.99 148764
29 151704
29.01 156996
29.02 158760
29.03 158760
29.04 160524
29.05 156996
29.06 161700
29.07 165228
29.08 163464
29.09 168168
29.1 166404
29.11 173460
29.12 174048
29.13 177576
29.14 174636
29.15 179340
29.16 182868
29.17 187572
29.18 190512
29.19 194040
29.2 195804
29.21 194628
29.22 196980
29.23 199332
29.24 199332
29.25 200508
29.26 201096
29.27 195804
29.28 195216
29.29 194040
29.3 193452
29.31 191100
29.32 188748
29.33 187572
29.34 191688
29.35 186396
29.36 183456
29.37 188160
29.38 182868
29.39 179928
29.4 178752
29.41 175224
29.42 174636
29.43 167580
29.44 166992
29.45 168168
29.46 166992
29.47 166992
29.48 162288
29.49 162876
29.5 165228
29.51 165228
29.52 164052
29.53 162876
29.54 161112
29.55 159348
29.56 162876
29.57 168168
29.58 168756
29.59 161112
29.6 165816
29.61 166992
29.62 169932
29.63 171696
29.64 174048
29.65 177576
29.66 177576
29.67 181692
29.68 184632
29.69 184632
29.7 189924
29.71 187572
29.72 189336
29.73 195216
29.74 199332
29.75 199332
29.76 199920
29.77 203448
29.78 199332
29.79 192276
29.8 185220
29.81 185220
29.82 185808
29.83 187572
29.84 180516
29.85 179340
29.86 182280
29.87 179340
29.88 184044
29.89 177576
29.9 179928
29.91 181104
29.92 178164
29.93 172284
29.94 170520
29.95 172872
29.96 175224
29.97 175812
29.98 176400
29.99 175224
30 171696
30.01 166404
30.02 164052
30.03 162288
30.04 153468
30.05 156408
30.06 158172
30.07 161112
30.08 162876
30.09 154644
30.1 149352
30.11 147588
30.12 142296
30.13 144060
30.14 147000
30.15 147000
30.16 143472
30.17 144648
30.18 147588
30.19 148176
30.2 154644
30.21 156996
30.22 163464
30.23 165816
30.24 168756
30.25 171696
30.26 177576
30.27 181104
30.28 186396
30.29 191688
30.3 195804
30.31 195216
30.32 198156
30.33 201684
30.34 202272
30.35 197568
30.36 202272
30.37 206388
30.38 211680
30.39 214032
30.4 219324
30.41 219324
30.42 220500
30.43 221088
30.44 218736
30.45 216972
30.46 216972
30.47 222852
30.48 225204
30.49 224028
30.5 220500
30.51 212268
30.52 211092
30.53 208740
30.54 206388
30.55 204036
30.56 202860
30.57 205212
30.58 204624
30.59 197568
30.6 194040
30.61 194040
30.62 191688
30.63 184044
30.64 176400
30.65 171108
30.66 170520
30.67 169344
30.68 162288
30.69 161700
30.7 156408
30.71 149940
30.72 148764
30.73 148764
30.74 148764
30.75 151704
30.76 151116
30.77 150528
30.78 146412
30.79 138180
30.8 137004
30.81 123480
30.82 121716
30.83 121128
30.84 123480
30.85 129948
30.86 136416
30.87 140532
30.88 144648
30.89 149352
30.9 151116
30.91 156408
30.92 162876
30.93 169344
30.94 174048
30.95 174636
30.96 176988
30.97 181104
30.98 183456
30.99 186984
31 194628
31.01 199332
31.02 198156
31.03 199920
31.04 202860
31.05 204624
31.06 206388
31.07 206976
31.08 205800
31.09 206976
31.1 208740
31.11 205212
31.12 201684
31.13 197568
31.14 190512
31.15 186396
31.16 186984
31.17 182868
31.18 185220
31.19 185808
31.2 185808
31.21 185808
31.22 179340
31.23 173460
31.24 157584
31.25 157584
31.26 158172
31.27 157584
31.28 152292
31.29 153468
31.3 154056
31.31 149352
31.32 142884
31.33 136416
31.34 139944
31.35 138180
31.36 131712
31.37 131124
31.38 126420
31.39 123480
31.4 121128
31.41 125244
31.42 122304
31.43 123480
31.44 127008
31.45 125244
31.46 123480
31.47 129360
31.48 134652
31.49 135828
31.5 132300
31.51 139356
31.52 141708
31.53 145236
31.54 150528
31.55 153468
31.56 148764
31.57 149940
31.58 153468
31.59 160524
31.6 162288
31.61 166404
31.62 169344
31.63 173460
31.64 177576
31.65 181692
31.66 183456
31.67 184632
31.68 187572
31.69 189336
31.7 191688
31.71 191688
31.72 192864
31.73 186984
31.74 185808
31.75 187572
31.76 190512
31.77 191100
31.78 194628
31.79 196980
31.8 196392
31.81 192864
31.82 188748
31.83 188748
31.84 183456
31.85 182280
31.86 178164
31.87 175812
31.88 177576
31.89 176400
31.9 175812
31.91 166992
31.92 162876
31.93 159348
31.94 150528
31.95 143472
31.96 148176
31.97 150528
31.98 152880
31.99 157584
32 149940
32.01 148764
32.02 151704
32.03 152880
32.04 156996
32.05 153468
32.06 152292
32.07 152292
32.08 154056
32.09 160524
32.1 161700
32.11 166992
32.12 171108
32.13 175224
32.14 176400
32.15 175812
32.16 179340
32.17 184044
32.18 185808
32.19 188748
32.2 187572
32.21 189336
32.22 194628
32.23 197568
32.24 202272
32.25 206388
32.26 211680
32.27 215208
32.28 215796
32.29 212268
32.3 209916
32.31 206976
32.32 205212
32.33 205212
32.34 206388
32.35 202860
32.36 206976
32.37 207564
32.38 204036
32.39 194628
32.4 191100
32.41 188748
32.42 187572
32.43 182868
32.44 185808
32.45 183456
32.46 178164
32.47 171108
32.48 165228
32.49 152880
32.5 147588
32.51 147000
32.52 145236
32.53 149940
32.54 145236
32.55 143472
32.56 145824
32.57 147000
32.58 147588
32.59 154644
32.6 155232
32.61 156996
32.62 154056
32.63 158172
32.64 161700
32.65 169344
32.66 169932
32.67 175224
32.68 180516
32.69 176988
32.7 170520
32.71 171108
32.72 172872
32.73 175812
32.74 181692
32.75 185220
32.76 189336
32.77 191100
32.78 186396
32.79 190512
32.8 193452
32.81 196392
32.82 196392
32.83 195804
32.84 196980
32.85 198156
32.86 192276
32.87 193452
32.88 195216
32.89 190512
32.9 180516
32.91 181104
32.92 185220
32.93 181104
32.94 181692
32.95 171696
32.96 168756
32.97 171696
32.98 171108
32.99 168168
33 171696
33.01 172284
33.02 173460
33.03 176988
33.04 175812
33.05 175224
33.06 169932
33.07 166992
33.08 165228
33.09 165816
33.1 166992
33.11 165228
33.12 170520
33.13 168168
33.14 165816
33.15 166404
33.16 164640
33.17 166404
33.18 160524
33.19 155820
33.2 161700
33.21 162876
33.22 162876
33.23 157584
33.24 159936
33.25 164052
33.26 166404
33.27 168168
33.28 166992
33.29 168168
33.3 166992
33.31 168756
33.32 173460
33.33 170520
33.34 174048
33.35 176988
33.36 181692
33.37 184632
33.38 186984
33.39 189336
33.4 188160
33.41 185220
33.42 190512
33.43 189924
33.44 186984
33.45 185220
33.46 177576
33.47 172872
33.48 178752
33.49 174636
33.5 168756
33.51 173460
33.52 169932
33.53 172284
33.54 174636
33.55 173460
33.56 170520
33.57 166992
33.58 164052
33.59 164052
33.6 163464
33.61 161700
33.62 166404
33.63 167580
33.64 165228
33.65 168756
33.66 171108
33.67 171696
33.68 170520
33.69 171696
33.7 171108
33.71 175224
33.72 178164
33.73 179340
33.74 182868
33.75 181692
33.76 182280
33.77 186984
33.78 189336
33.79 192864
33.8 193452
33.81 198744
33.82 200508
33.83 199920
33.84 199332
33.85 193452
33.86 196392
33.87 188160
33.88 191100
33.89 192276
33.9 196980
33.91 197568
33.92 192864
33.93 185808
33.94 188748
33.95 186984
33.96 183456
33.97 184044
33.98 182868
33.99 184632
34 184632
34.01 185220
34.02 185220
34.03 189924
34.04 188748
34.05 190512
34.06 186984
34.07 185808
34.08 177576
34.09 181692
34.1 184632
34.11 178164
34.12 179340
34.13 177576
34.14 175224
34.15 177576
34.16 166404
34.17 172284
34.18 172872
34.19 170520
34.2 163464
34.21 163464
34.22 158760
34.23 160524
34.24 163464
34.25 165816
34.26 170520
34.27 171108
34.28 175224
34.29 176988
34.3 178752
34.31 178164
34.32 179928
34.33 186396
34.34 188748
34.35 189924
34.36 184632
34.37 186396
34.38 185808
34.39 189336
34.4 188748
34.41 192864
34.42 191688
34.43 193452
34.44 189924
34.45 188748
34.46 190512
34.47 192276
34.48 195804
34.49 187572
34.5 189924
34.51 184632
34.52 182280
34.53 175224
34.54 169344
34.55 163464
34.56 164640
34.57 167580
34.58 171696
34.59 165228
34.6 158760
34.61 155820
34.62 152880
34.63 155232
34.64 154644
34.65 159348
34.66 165228
34.67 162876
34.68 162288
34.69 168168
34.7 165816
34.71 162876
34.72 166992
34.73 169344
34.74 167580
34.75 166992
34.76 167580
34.77 172284
34.78 176400
34.79 177576
34.8 181692
34.81 184044
34.82 185808
34.83 188748
34.84 189924
34.85 191100
34.86 195804
34.87 195804
34.88 196980
34.89 199920
34.9 196392
34.91 192864
34.92 186396
34.93 178752
34.94 179340
34.95 178752
34.96 176400
34.97 179340
34.98 175224
34.99 173460
35 166992
35.01 172284
35.02 167580
35.03 162288
35.04 162876
35.05 161112
35.06 161700
35.07 162288
35.08 154056
35.09 148764
35.1 152880
35.11 152292
35.12 143472
35.13 142884
35.14 135240
35.15 137592
35.16 138768
35.17 141120
35.18 144648
35.19 136416
35.2 141120
35.21 145236
35.22 151704
35.23 150528
35.24 154644
35.25 162288
35.26 162876
35.27 164640
35.28 168756
35.29 166992
35.3 169344
35.31 171108
35.32 178164
35.33 180516
35.34 179928
35.35 179928
35.36 182868
35.37 185808
35.38 182868
35.39 184044
35.4 185220
35.41 188160
35.42 188160
35.43 186984
35.44 191100
35.45 187572
35.46 185220
35.47 181104
35.48 182280
35.49 186984
35.5 185220
35.51 176988
35.52 177576
35.53 163464
35.54 167580
35.55 160524
35.56 158172
35.57 147588
35.58 150528
35.59 145236
35.6 144060
35.61 142296
35.62 142884
35.63 138768
35.64 139944
35.65 138768
35.66 139944
35.67 138180
35.68 141120
35.69 143472
35.7 140532
35.71 140532
35.72 142884
35.73 147000
35.74 151704
35.75 156408
35.76 160524
35.77 164640
35.78 168756
35.79 170520
35.8 171696
35.81 175224
35.82 173460
35.83 171696
35.84 178164
35.85 178752
35.86 177576
35.87 181104
35.88 180516
35.89 183456
35.9 183456
35.91 186396
35.92 189336
35.93 189924
35.94 191100
35.95 185220
35.96 182868
35.97 181104
35.98 180516
35.99 175224
36 166404
36.01 167580
36.02 165228
36.03 168756
36.04 162288
36.05 164052
36.06 156408
36.07 152880
36.08 150528
36.09 144060
36.1 142296
36.11 141120
36.12 144648
36.13 148764
36.14 146412
36.15 151704
36.16 149940
36.17 142884
36.18 145236
36.19 142884
36.2 142884
36.21 148764
36.22 152880
36.23 151704
36.24 152292
36.25 152292
36.26 154644
36.27 158760
36.28 162876
36.29 166992
36.3 169344
36.31 174636
36.32 176988
36.33 176988
36.34 175224
36.35 177576
36.36 178164
36.37 176988
36.38 179340
36.39 183456
36.4 188160
36.41 190512
36.42 181692
36.43 186984
36.44 185808
36.45 187572
36.46 182868
36.47 178164
36.48 179340
36.49 184044
36.5 182868
36.51 172284
36.52 171696
36.53 170520
36.54 166992
36.55 161112
36.56 162876
36.57 163464
36.58 162876
36.59 161700
36.6 164052
36.61 162876
36.62 162288
36.63 156996
36.64 158172
36.65 157584
36.66 160524
36.67 162876
36.68 168168
36.69 161700
36.7 162288
36.71 156996
36.72 162288
36.73 164640
36.74 165816
36.75 168756
36.76 172284
36.77 174636
36.78 181104
36.79 184632
36.8 189336
36.81 189924
36.82 191100
36.83 192864
36.84 197568
36.85 188748
36.86 191688
36.87 194040
36.88 202272
36.89 205800
36.9 210504
36.91 210504
36.92 209328
36.93 208152
36.94 206388
36.95 201684
36.96 198156
36.97 197568
36.98 186984
36.99 180516
37 174048
37.01 165816
37.02 166992
37.03 162288
37.04 160524
37.05 156996
37.06 155232
37.07 156408
37.08 157584
37.09 149352
37.1 149940
37.11 152292
37.12 152292
37.13 156996
37.14 154644
37.15 152292
37.16 149940
37.17 147000
37.18 150528
37.19 155232
37.2 157584
37.21 160524
37.22 156408
37.23 158760
37.24 162876
37.25 168756
37.26 173460
37.27 175812
37.28 181692
37.29 184632
37.3 186396
37.31 190512
37.32 188748
37.33 191688
37.34 195216
37.35 196392
37.36 196980
37.37 201684
37.38 202272
37.39 202272
37.4 196392
37.41 195216
37.42 195804
37.43 195216
37.44 186984
37.45 187572
37.46 191688
37.47 194040
37.48 191100
37.49 189336
37.5 185220
37.51 184044
37.52 175224
37.53 172872
37.54 174636
37.55 170520
37.56 171108
37.57 170520
37.58 169344
37.59 163464
37.6 162876
37.61 159936
37.62 161112
37.63 159936
37.64 156408
37.65 154056
37.66 157584
37.67 155820
37.68 155232
37.69 156996
37.7 159348
37.71 161112
37.72 159936
37.73 159936
37.74 159348
37.75 156408
37.76 160524
37.77 165228
37.78 166404
37.79 167580
37.8 171108
37.81 168168
37.82 170520
37.83 174636
37.84 176988
37.85 182280
37.86 179928
37.87 179928
37.88 181692
37.89 181104
37.9 181692
37.91 184044
37.92 186984
37.93 191688
37.94 189336
37.95 178752
37.96 177576
37.97 178752
37.98 178752
37.99 179928
38 181104
38.01 166992
38.02 169344
38.03 167580
38.04 158760
38.05 162288
38.06 156996
38.07 149940
38.08 148176
38.09 148176
38.1 145236
38.11 138180
38.12 139356
38.13 139944
38.14 144060
38.15 139944
38.16 141120
38.17 142296
38.18 141120
38.19 141120
38.2 146412
38.21 147588
38.22 152880
38.23 153468
38.24 156996
38.25 159348
38.26 163464
38.27 168756
38.28 174048
38.29 177576
38.3 181104
38.31 181104
38.32 182280
38.33 179340
38.34 181692
38.35 188160
38.36 188748
38.37 193452
38.38 196980
38.39 201096
38.4 206976
38.41 203448
38.42 201684
38.43 208740
38.44 205212
38.45 203448
38.46 198744
38.47 198744
38.48 196980
38.49 191100
38.5 186984
38.51 179928
38.52 184632
38.53 180516
38.54 178164
38.55 167580
38.56 168168
38.57 166992
38.58 165228
38.59 163464
38.6 156996
38.61 159936
38.62 158760
38.63 152292
38.64 151116
38.65 147588
38.66 151116
38.67 147588
38.68 149940
38.69 144060
38.7 151116
38.71 151704
38.72 152880
38.73 151704
38.74 155820
38.75 158760
38.76 164052
38.77 166404
38.78 165816
38.79 164640
38.8 164640
38.81 168756
38.82 175224
38.83 174048
38.84 178752
38.85 181104
38.86 184632
38.87 189336
38.88 194628
38.89 198744
38.9 200508
38.91 203448
38.92 207564
38.93 211680
38.94 213444
38.95 216384
38.96 219324
38.97 220500
38.98 226380
38.99 218736
39 216972
39.01 215208
39.02 211092
39.03 206388
39.04 200508
39.05 203448
39.06 204624
39.07 208740
39.08 212856
39.09 206388
39.1 205212
39.11 202860
39.12 196980
39.13 193452
39.14 193452
39.15 188160
39.16 191100
39.17 185808
39.18 189336
39.19 195216
39.2 195216
39.21 196392
39.22 189924
39.23 191688
39.24 184632
39.25 184632
39.26 184044
39.27 191100
39.28 192276
39.29 194628
39.3 193452
39.31 192864
39.32 192864
39.33 184632
39.34 182868
39.35 180516
39.36 182280
39.37 175812
39.38 179340
39.39 176400
39.4 169932
39.41 169932
39.42 162876
39.43 164640
39.44 167580
39.45 164052
39.46 162288
39.47 159348
39.48 160524
39.49 164640
39.5 156408
39.51 152292
39.52 148764
39.53 147000
39.54 148764
39.55 147588
39.56 143472
39.57 142884
39.58 144648
39.59 148764
39.6 151704
39.61 149352
39.62 148764
39.63 151704
39.64 156408
39.65 152292
39.66 157584
39.67 157584
39.68 161112
39.69 166992
39.7 172872
39.71 176988
39.72 179340
39.73 184044
39.74 188748
39.75 191100
39.76 191688
39.77 196392
39.78 201096
39.79 205212
39.8 206976
39.81 209916
39.82 212856
39.83 214032
39.84 215208
39.85 218148
39.86 218736
39.87 213444
39.88 212856
39.89 213444
39.9 205212
39.91 205212
39.92 200508
39.93 201096
39.94 201096
39.95 202272
39.96 201684
39.97 198156
39.98 192864
39.99 189336
40 188160
40.01 186396
40.02 182868
40.03 180516
40.04 172872
40.05 165816
40.06 164052
40.07 164640
40.08 168168
40.09 174636
40.1 165816
40.11 158760
40.12 156408
40.13 147000
40.14 147000
40.15 150528
40.16 152292
40.17 147000
40.18 141708
40.19 138768
40.2 133476
40.21 129948
40.22 132300
40.23 136416
40.24 133476
40.25 136416
40.26 139944
40.27 145236
40.28 142884
40.29 145236
40.3 148764
40.31 148764
40.32 151116
40.33 151704
40.34 157584
40.35 159348
40.36 162288
40.37 159936
40.38 155232
40.39 155820
40.4 159936
40.41 165816
40.42 169932
40.43 173460
40.44 179340
40.45 179340
40.46 180516
40.47 181692
40.48 184632
40.49 189336
40.5 192276
40.51 194040
40.52 195804
40.53 199920
40.54 198156
40.55 199332
40.56 196980
40.57 198744
40.58 202860
40.59 201096
40.6 202272
40.61 198156
40.62 199332
40.63 194040
40.64 195804
40.65 202272
40.66 199920
40.67 198156
40.68 197568
40.69 190512
40.7 188748
40.71 186396
40.72 182280
40.73 175224
40.74 176988
40.75 168168
40.76 165816
40.77 159348
40.78 159936
40.79 154056
40.8 156408
40.81 155820
40.82 159936
40.83 155820
40.84 152292
40.85 155232
40.86 159936
40.87 158172
40.88 157584
40.89 159348
40.9 156996
40.91 153468
40.92 144060
40.93 143472
40.94 143472
40.95 148764
40.96 148176
40.97 149940
40.98 154056
40.99 151704
41 154056
41.01 155232
41.02 161700
41.03 166404
41.04 173460
41.05 178752
41.06 184044
41.07 186396
41.08 189924
41.09 188748
41.1 189336
41.11 192864
41.12 198156
41.13 199920
41.14 202272
41.15 205212
41.16 206976
41.17 209916
41.18 209916
41.19 206976
41.2 208740
41.21 212268
41.22 211680
41.23 211092
41.24 211680
41.25 206388
41.26 207564
41.27 211092
41.28 201096
41.29 203448
41.3 201684
41.31 198744
41.32 197568
41.33 195216
41.34 198156
41.35 198156
41.36 195804
41.37 194040
41.38 191100
41.39 182280
41.4 181692
41.41 175224
41.42 174048
41.43 176400
41.44 171696
41.45 164052
41.46 165228
41.47 162876
41.48 162876
41.49 167580
41.5 168756
41.51 166404
41.52 163464
41.53 165816
41.54 166992
41.55 166404
41.56 161112
41.57 155820
41.58 157584
41.59 159936
41.6 151116
41.61 154644
41.62 157584
41.63 159936
41.64 164640
41.65 168168
41.66 165228
41.67 164052
41.68 160524
41.69 152880
41.7 152880
41.71 155232
41.72 154644
41.73 156996
41.74 159936
41.75 164052
41.76 161700
41.77 161700
41.78 167580
41.79 168756
41.8 166404
41.81 165228
41.82 166404
41.83 172284
41.84 172872
41.85 173460
41.86 173460
41.87 174048
41.88 178752
41.89 181692
41.9 179928
41.91 181692
41.92 182280
41.93 181104
41.94 178164
41.95 176400
41.96 174636
41.97 178752
41.98 179340
41.99 176400
42 173460
42.01 168756
42.02 164640
42.03 162876
42.04 158172
42.05 160524
42.06 164640
42.07 166992
42.08 165228
42.09 166404
42.1 162288
42.11 158760
42.12 164640
42.13 159348
42.14 159348
42.15 165228
42.16 166404
42.17 169932
42.18 168756
42.19 162288
42.2 162288
42.21 164640
42.22 159348
42.23 164052
42.24 163464
42.25 166992
42.26 172872
42.27 175812
42.28 175224
42.29 179928
42.3 182868
42.31 186396
42.32 187572
42.33 190512
42.34 193452
42.35 198744
42.36 198156
42.37 197568
42.38 199332
42.39 204036
42.4 205212
42.41 209328
42.42 209328
42.43 209916
42.44 209916
42.45 213444
42.46 216384
42.47 204036
42.48 204624
42.49 205800
42.5 203448
42.51 199332
42.52 201096
42.53 202860
42.54 206976
42.55 206976
42.56 205212
42.57 203448
42.58 204036
42.59 198156
42.6 195216
42.61 191100
42.62 181692
42.63 182280
42.64 178752
42.65 180516
42.66 174636
42.67 170520
42.68 170520
42.69 168756
42.7 164640
42.71 169344
42.72 168756
42.73 161112
42.74 159348
42.75 148764
42.76 144060
42.77 142884
42.78 144648
42.79 149940
42.8 154056
42.81 153468
42.82 153468
42.83 156996
42.84 156408
42.85 154644
42.86 150528
42.87 156408
42.88 160524
42.89 164640
42.9 167580
42.91 165816
42.92 171696
42.93 171108
42.94 173460
42.95 178164
42.96 178752
42.97 178164
42.98 181692
42.99 181104
43 181692
43.01 176988
43.02 181104
43.03 183456
43.04 185808
43.05 186984
43.06 189336
43.07 183456
43.08 181104
43.09 180516
43.1 181104
43.11 182868
43.12 178164
43.13 170520
43.14 169344
43.15 164052
43.16 159936
43.17 158760
43.18 156996
43.19 154644
43.2 152880
43.21 143472
43.22 139356
43.23 134064
43.24 131712
43.25 135240
43.26 140532
43.27 139944
43.28 139944
43.29 140532
43.3 139944
43.31 136416
43.32 141708
43.33 145824
43.34 148176
43.35 151116
43.36 155232
43.37 155820
43.38 159348
43.39 164640
43.4 168168
43.41 170520
43.42 174048
43.43 179340
43.44 181104
43.45 188160
43.46 189924
43.47 189924
43.48 191688
43.49 191100
43.5 194040
43.51 197568
43.52 196392
43.53 196980
43.54 193452
43.55 195216
43.56 198744
43.57 195804
43.58 185220
43.59 177576
43.6 185220
43.61 188160
43.62 184044
43.63 177576
43.64 174048
43.65 164640
43.66 158760
43.67 144060
43.68 142296
43.69 142884
43.7 142884
43.71 145824
43.72 142296
43.73 145236
43.74 147588
43.75 149940
43.76 147588
43.77 152292
43.78 150528
43.79 145236
43.8 147588
43.81 149352
43.82 151116
43.83 158760
43.84 165816
43.85 170520
43.86 174636
43.87 173460
43.88 175812
43.89 179928
43.9 183456
43.91 186396
43.92 190512
43.93 192276
43.94 193452
43.95 194040
43.96 192864
43.97 194628
43.98 197568
43.99 196392
44 198744
44.01 197568
44.02 199332
44.03 192864
44.04 190512
44.05 185808
44.06 184632
44.07 185808
44.08 183456
44.09 176400
44.1 166992
44.11 152292
44.12 151704
44.13 155232
44.14 151116
44.15 155232
44.16 148764
44.17 151116
44.18 141120
44.19 141708
44.2 140532
44.21 142884
44.22 137592
44.23 139944
44.24 133476
44.25 134064
44.26 134652
44.27 140532
44.28 142884
44.29 139944
44.3 144648
44.31 147000
44.32 149352
44.33 153468
44.34 159348
44.35 164052
44.36 171108
44.37 168168
44.38 166404
44.39 169344
44.4 168756
44.41 170520
44.42 173460
44.43 178752
44.44 176400
44.45 175224
44.46 179340
44.47 179340
44.48 183456
44.49 181104
44.5 180516
44.51 184632
44.52 186396
44.53 189924
44.54 188160
44.55 188748
44.56 186396
44.57 186984
44.58 184632
44.59 185808
44.6 184044
44.61 184044
44.62 183456
44.63 186396
44.64 182280
44.65 182868
44.66 182280
44.67 182280
44.68 181692
44.69 182868
44.7 184044
44.71 185220
44.72 184044
44.73 181692
44.74 180516
44.75 181692
44.76 178752
44.77 172872
44.78 169344
44.79 167580
44.8 166992
44.81 166404
44.82 165816
44.83 160524
44.84 159936
44.85 158760
44.86 155232
44.87 157584
44.88 155232
44.89 158172
44.9 159936
44.91 164640
44.92 164640
44.93 161700
44.94 165816
44.95 169344
44.96 168756
44.97 168168
44.98 167580
44.99 168756
45 168168
45.01 163464
45.02 166992
45.03 170520
45.04 176988
45.05 172872
45.06 171696
45.07 171696
45.08 172284
45.09 168168
45.1 171108
45.11 171696
45.12 172284
45.13 176400
45.14 175224
45.15 174636
45.16 174048
45.17 174048
45.18 176400
45.19 176400
45.2 173460
45.21 169932
45.22 165816
45.23 164052
45.24 158172
45.25 155232
45.26 151704
45.27 155232
45.28 153468
45.29 152292
45.3 145824
45.31 149352
45.32 151116
45.33 151704
45.34 146412
45.35 137592
45.36 143472
45.37 144060
45.38 144648
45.39 147000
45.4 152292
45.41 155232
45.42 159936
45.43 157584
45.44 162876
45.45 159348
45.46 161112
45.47 161112
45.48 166404
45.49 171108
45.5 177576
45.51 175224
45.52 179340
45.53 181692
45.54 180516
45.55 179928
45.56 180516
45.57 183456
45.58 185808
45.59 188748
45.6 184044
45.61 189336
45.62 191100
45.63 198744
45.64 200508
45.65 202860
45.66 199920
45.67 199920
45.68 196980
45.69 200508
45.7 201684
45.71 201684
45.72 202860
45.73 193452
45.74 191100
45.75 189336
45.76 188160
45.77 178164
45.78 176988
45.79 177576
45.8 178164
45.81 181692
45.82 179340
45.83 179340
45.84 182280
45.85 169344
45.86 166992
45.87 165228
45.88 165816
45.89 163464
45.9 158760
45.91 156408
45.92 152292
45.93 153468
45.94 151704
45.95 147588
45.96 144060
45.97 138768
45.98 137004
45.99 139356
46 142884
46.01 148764
46.02 147000
46.03 141120
46.04 144648
46.05 146412
46.06 149352
46.07 152880
46.08 157584
46.09 161700
46.1 166992
46.11 171108
46.12 168756
46.13 169932
46.14 172284
46.15 173460
46.16 178164
46.17 180516
46.18 178752
46.19 182280
46.2 185808
46.21 185808
46.22 190512
46.23 185808
46.24 187572
46.25 185220
46.26 184044
46.27 181692
46.28 178752
46.29 176400
46.3 177576
46.31 179928
46.32 172872
46.33 170520
46.34 162288
46.35 155820
46.36 152292
46.37 147588
46.38 144060
46.39 143472
46.4 138180
46.41 137004
46.42 127008
46.43 122304
46.44 117600
46.45 122892
46.46 122304
46.47 118188
46.48 115836
46.49 115248
46.5 115248
46.51 119364
46.52 125832
46.53 124656
46.54 128772
46.55 129948
46.56 131124
46.57 138768
46.58 145236
46.59 149940
46.6 153468
46.61 161700
46.62 162876
46.63 165816
46.64 170520
46.65 172872
46.66 176400
46.67 177576
46.68 170520
46.69 176400
46.7 178752
46.71 179928
46.72 179340
46.73 184044
46.74 186984
46.75 184632
46.76 184044
46.77 183456
46.78 186396
46.79 185220
46.8 189336
46.81 186984
46.82 178752
46.83 178164
46.84 166404
46.85 164052
46.86 166404
46.87 165228
46.88 164640
46.89 166404
46.9 161112
46.91 157584
46.92 153468
46.93 158760
46.94 156408
46.95 154056
46.96 151116
46.97 150528
46.98 146412
46.99 145236
47 142296
47.01 141120
47.02 147000
47.03 148176
47.04 145236
47.05 149352
47.06 152292
47.07 156996
47.08 163464
47.09 169344
47.1 173460
47.11 179928
47.12 179928
47.13 182280
47.14 187572
47.15 192864
47.16 193452
47.17 194628
47.18 197568
47.19 201684
47.2 204036
47.21 207564
47.22 209328
47.23 215796
47.24 214620
47.25 216972
47.26 212856
47.27 214032
47.28 216384
47.29 215796
47.3 215208
47.31 209328
47.32 209916
47.33 202272
47.34 205212
47.35 202272
47.36 192864
47.37 189924
47.38 188160
47.39 182868
47.4 183456
47.41 175812
47.42 172284
47.43 166992
47.44 161700
47.45 161112
47.46 157584
47.47 156996
47.48 155820
47.49 160524
47.5 156996
47.51 159348
47.52 155232
47.53 150528
47.54 145236
47.55 142296
47.56 148176
47.57 147588
47.58 145824
47.59 148176
47.6 152880
47.61 153468
47.62 154644
47.63 161112
47.64 164052
47.65 167580
47.66 169344
47.67 171696
47.68 172872
47.69 173460
47.7 171108
47.71 175224
47.72 172872
47.73 177576
47.74 178164
47.75 178164
47.76 175812
47.77 179928
47.78 179340
47.79 181104
47.8 178164
47.81 181692
47.82 179928
47.83 181104
47.84 178164
47.85 181692
47.86 175812
47.87 175224
47.88 171108
47.89 161112
47.9 160524
47.91 159936
47.92 156996
47.93 154644
47.94 155232
47.95 156408
47.96 162876
47.97 164052
47.98 165228
47.99 161700
48 164052
48.01 164052
48.02 164052
48.03 164640
48.04 166992
48.05 171108
48.06 170520
48.07 170520
48.08 172284
48.09 178164
48.1 172872
48.11 176988
48.12 179340
48.13 182280
48.14 186984
48.15 191100
48.16 192864
48.17 195216
48.18 199920
48.19 204036
48.2 208152
48.21 207564
48.22 207564
48.23 209328
48.24 209916
48.25 202860
48.26 204036
48.27 207564
48.28 206976
48.29 208740
48.3 202860
48.31 199332
48.32 201096
48.33 199920
48.34 199332
48.35 205212
48.36 207564
48.37 205800
48.38 199332
48.39 198744
48.4 202272
48.41 199920
48.42 201096
48.43 200508
48.44 197568
48.45 197568
48.46 199920
48.47 201096
48.48 195216
48.49 191688
48.5 191688
48.51 188160
48.52 190512
48.53 194628
48.54 196392
48.55 197568
48.56 195804
48.57 195804
48.58 196980
48.59 199332
48.6 205800
48.61 206976
48.62 209328
48.63 213444
48.64 210504
48.65 208152
48.66 211680
48.67 206388
48.68 202860
48.69 202860
48.7 202860
48.71 202860
48.72 200508
48.73 198156
48.74 195804
48.75 196392
48.76 184044
48.77 182868
48.78 179340
48.79 180516
48.8 181104
48.81 180516
48.82 178752
48.83 181104
48.84 174048
48.85 165228
48.86 161112
48.87 159936
48.88 159936
48.89 158172
48.9 152880
48.91 147588
48.92 145236
48.93 142884
48.94 149352
48.95 148176
48.96 144648
48.97 138768
48.98 130536
48.99 125832
49 129360
49.01 129360
49.02 134652
49.03 134064
49.04 134064
49.05 131712
49.06 137004
49.07 138180
49.08 145236
49.09 149940
49.1 154056
49.11 159348
49.12 161112
49.13 166404
49.14 169932
49.15 172872
49.16 175812
49.17 181104
49.18 183456
49.19 184632
49.2 182868
49.21 182868
49.22 186984
49.23 186984
49.24 189336
49.25 192864
49.26 191100
49.27 194628
49.28 192864
49.29 192864
49.3 195216
49.31 194628
49.32 190512
49.33 182868
49.34 182280
49.35 178752
49.36 180516
49.37 173460
49.38 176988
49.39 174636
49.4 175812
49.41 168168
49.42 168168
49.43 162288
49.44 162876
49.45 152292
49.46 146412
49.47 144060
49.48 145236
49.49 143472
49.5 146412
49.51 143472
49.52 144060
49.53 135828
49.54 138768
49.55 141120
49.56 139944
49.57 142296
49.58 146412
49.59 148764
49.6 149940
49.61 155820
49.62 159348
49.63 157584
49.64 151704
49.65 158172
49.66 162288
49.67 166404
49.68 166404
49.69 171108
49.7 172872
49.71 178752
49.72 179340
49.73 182868
49.74 187572
49.75 192864
49.76 192276
49.77 194040
49.78 199920
49.79 204036
49.8 209328
49.81 205800
49.82 207564
49.83 207564
49.84 207564
49.85 206388
49.86 202860
49.87 201684
49.88 198744
49.89 199332
49.9 191688
49.91 188160
49.92 187572
49.93 189924
49.94 187572
49.95 185220
49.96 184632
49.97 187572
49.98 187572
49.99 186396
