0.01 0
0.02 0
0.03 0
0.04 0
0.05 1176
0.06 60340
0.07 119936
0.08 170764
0.09 209832
0.1 267076
0.11 277504
0.12 287188
0.13 309272
0.14 310188
0.15 319336
0.16 306936
0.17 286944
0.18 282240
0.19 279300
0.2 279300
0.21 265188
0.22 263424
0.23 265188
0.24 270480
0.25 280476
0.26 304584
0.27 292824
0.28 293412
0.29 303996
0.3 328104
0.31 369264
0.32 393960
0.33 409248
0.34 411012
0.35 426888
0.36 446880
0.37 493920
0.38 488040
0.39 499800
0.4 499212
0.41 495684
0.42 492744
0.43 484512
0.44 495684
0.45 491568
0.46 492744
0.47 499212
0.48 496860
0.49 499800
0.5 499800
0.51 484512
0.52 495684
0.53 482748
0.54 494508
0.55 491568
0.56 495096
0.57 499800
0.58 498624
0.59 496272
0.6 496860
0.61 483924
0.62 484512
0.63 499212
0.64 494508
0.65 482160
0.66 459228
0.67 446880
0.68 442176
0.69 441588
0.7 480984
0.71 469224
0.72 499800
0.73 499800
0.74 499212
0.75 472164
0.76 456876
0.77 468048
0.78 445116
0.79 488040
0.8 479808
0.81 434532
0.82 425124
0.83 429828
0.84 408072
0.85 425712
0.86 443352
0.87 419244
0.88 438060
0.89 423948
0.9 394548
0.91 394548
0.92 408072
0.93 458052
0.94 489804
0.95 489216
0.96 477456
0.97 499212
0.98 484512
0.99 460404
1 416304
1.01 423948
1.02 441588
1.03 446880
1.04 402780
1.05 411600
1.06 405720
1.07 499800
1.08 499800
1.09 488628
1.1 449820
1.11 462756
1.12 469812
1.13 469224
1.14 483924
1.15 469812
1.16 446292
1.17 462168
1.18 460404
1.19 458052
1.2 463344
1.21 463932
1.22 446292
1.23 466284
1.24 470988
1.25 498624
1.26 497448
1.27 469224
1.28 441000
1.29 412776
1.3 383376
1.31 365148
1.32 333984
1.33 329868
1.34 343980
1.35 332808
1.36 335160
1.37 375144
1.38 363384
1.39 354564
1.4 359268
1.41 380436
1.42 388080
1.43 379848
1.44 371028
1.45 362796
1.46 329280
1.47 296352
1.48 267540
1.49 276948
1.5 261660
1.51 235788
1.52 238728
1.53 229908
1.54 215208
1.55 212268
1.56 205212
1.57 212268
1.58 198744
1.59 188748
1.6 232848
1.61 230496
1.62 240492
1.63 249312
1.64 228144
1.65 248136
1.66 257544
1.67 273420
1.68 276360
1.69 266364
1.7 266364
1.71 272832
1.72 254016
1.73 242844
1.74 225792
1.75 244020
1.76 271068
1.77 270480
1.78 256956
1.79 284592
1.8 303996
1.81 284592
1.82 270480
1.83 261072
1.84 276948
1.85 271656
1.86 286356
1.87 306936
1.88 316932
1.89 304584
1.9 296352
1.91 303996
1.92 329868
1.93 328104
1.94 352800
1.95 355740
1.96 340452
1.97 348096
1.98 359268
1.99 359268
2 358092
2.01 372204
2.02 372792
2.03 371616
2.04 365148
2.05 363972
2.06 366324
2.07 363384
2.08 362796
2.09 389844
2.1 376908
2.11 382788
2.12 379848
2.13 368676
2.14 386316
2.15 381024
2.16 362208
2.17 364560
2.18 383964
2.19 384552
2.2 379260
2.21 396312
2.22 384552
2.23 385728
2.24 382788
2.25 358092
2.26 341628
2.27 341628
2.28 349860
2.29 345156
2.3 349272
2.31 354564
2.32 366324
2.33 372792
2.34 352212
2.35 356328
2.36 341628
2.37 326928
2.38 332808
2.39 357504
2.4 374556
2.41 365736
2.42 352800
2.43 365148
2.44 372792
2.45 371028
2.46 340452
2.47 341628
2.48 342216
2.49 379848
2.5 386904
2.51 378672
2.52 366912
2.53 338100
2.54 336336
2.55 368676
2.56 372792
2.57 373968
2.58 382788
2.59 386904
2.6 367500
2.61 361032
2.62 380436
2.63 366324
2.64 348096
2.65 340452
2.66 353388
2.67 363384
2.68 365148
2.69 355740
2.7 333396
2.71 339864
2.72 381024
2.73 373968
2.74 345744
2.75 333396
2.76 337512
2.77 333396
2.78 346920
2.79 338688
2.8 329280
2.81 342216
2.82 339864
2.83 337512
2.84 318696
2.85 327516
2.86 316932
2.87 321636
2.88 303408
2.89 322224
2.9 325752
2.91 305760
2.92 294000
2.93 281652
2.94 282240
2.95 272832
2.96 279300
2.97 289884
2.98 295176
2.99 283416
3 264600
3.01 255780
3.02 245196
3.03 252252
3.04 264600
3.05 272244
3.06 278124
3.07 276948
3.08 278712
3.09 272832
3.1 251076
3.11 252840
3.12 245196
3.13 248136
3.14 251076
3.15 252252
3.16 248724
3.17 249900
3.18 252252
3.19 231672
3.2 240492
3.21 222264
3.22 222264
3.23 212268
3.24 221676
3.25 221088
3.26 212856
3.27 210504
3.28 220500
3.29 218736
3.3 205212
3.31 212268
3.32 202860
3.33 207564
3.34 209328
3.35 194040
3.36 194040
3.37 194040
3.38 215796
3.39 200508
3.4 199920
3.41 192276
3.42 192276
3.43 198744
3.44 191100
3.45 182280
3.46 192276
3.47 204624
3.48 195216
3.49 175812
3.5 183456
3.51 175812
3.52 184044
3.53 178752
3.54 204036
3.55 201096
3.56 196392
3.57 187572
3.58 194628
3.59 189336
3.6 174048
3.61 158172
3.62 150528
3.63 144060
3.64 169932
3.65 173460
3.66 160524
3.67 162288
3.68 172872
3.69 161112
3.7 156996
3.71 153468
3.72 155820
3.73 174636
3.74 158760
3.75 167580
3.76 175812
3.77 171108
3.78 184044
3.79 174048
3.8 173460
3.81 156996
3.82 166992
3.83 185808
3.84 182868
3.85 179340
3.86 188160
3.87 173460
3.88 164640
3.89 172284
3.9 154056
3.91 135240
3.92 135240
3.93 145236
3.94 151116
3.95 182280
3.96 170520
3.97 152292
3.98 147000
3.99 148176
4 146412
4.01 151704
4.02 155232
4.03 128184
4.04 149940
4.05 142296
4.06 144060
4.07 161112
4.08 154644
4.09 152880
4.1 132888
4.11 146412
4.12 156408
4.13 172872
4.14 172284
4.15 186984
4.16 176400
4.17 182280
4.18 161112
4.19 169932
4.2 152292
4.21 154644
4.22 183456
4.23 201096
4.24 187572
4.25 149352
4.26 145236
4.27 149940
4.28 149940
4.29 171108
4.3 172284
4.31 154056
4.32 150528
4.33 150528
4.34 137004
4.35 158760
4.36 155820
4.37 148176
4.38 141708
4.39 163464
4.4 175224
4.41 166404
4.42 157584
4.43 168168
4.44 153468
4.45 160524
4.46 154644
4.47 150528
4.48 164052
4.49 171696
4.5 177576
4.51 186984
4.52 169932
4.53 166404
4.54 166404
4.55 162876
4.56 164640
4.57 164640
4.58 147000
4.59 142884
4.6 158760
4.61 161700
4.62 173460
4.63 163464
4.64 154056
4.65 142884
4.66 156408
4.67 142296
4.68 144648
4.69 152880
4.7 154644
4.71 149352
4.72 171108
4.73 171108
4.74 165228
4.75 165228
4.76 172872
4.77 156996
4.78 154056
4.79 163464
4.8 173460
4.81 182868
4.82 194628
4.83 184632
4.84 180516
4.85 172284
4.86 156408
4.87 155232
4.88 169344
4.89 179928
4.9 195804
4.91 181692
4.92 157584
4.93 156408
4.94 161112
4.95 155232
4.96 137592
4.97 141120
4.98 149352
4.99 157584
5 171696
5.01 162876
5.02 147588
5.03 139356
5.04 126420
5.05 140532
5.06 130536
5.07 141120
5.08 145824
5.09 148764
5.1 145824
5.11 148176
5.12 166992
5.13 160524
5.14 166992
5.15 142884
5.16 143472
5.17 147000
5.18 169932
5.19 194040
5.2 169932
5.21 162288
5.22 152880
5.23 160524
5.24 199920
5.25 189924
5.26 166404
5.27 162288
5.28 158172
5.29 150528
5.3 171108
5.31 166992
5.32 177576
5.33 182280
5.34 178752
5.35 161700
5.36 156996
5.37 172284
5.38 174048
5.39 164052
5.4 164052
5.41 165816
5.42 168756
5.43 177576
5.44 171696
5.45 172872
5.46 161700
5.47 159936
5.48 147000
5.49 134064
5.5 150528
5.51 176988
5.52 180516
5.53 161700
5.54 152292
5.55 142884
5.56 134652
5.57 152880
5.58 137004
5.59 152292
5.6 184632
5.61 181104
5.62 167580
5.63 154644
5.64 141708
5.65 130536
5.66 139944
5.67 152292
5.68 165228
5.69 164052
5.7 165228
5.71 164052
5.72 169344
5.73 184044
5.74 192864
5.75 158172
5.76 145824
5.77 132888
5.78 155232
5.79 172872
5.8 192864
5.81 182868
5.82 165816
5.83 158760
5.84 161112
5.85 170520
5.86 182868
5.87 180516
5.88 172872
5.89 168756
5.9 165228
5.91 167580
5.92 176400
5.93 164052
5.94 172284
5.95 180516
5.96 166404
5.97 170520
5.98 166992
5.99 166404
6 152880
6.01 141708
6.02 162288
6.03 158760
6.04 161700
6.05 145824
6.06 142296
6.07 152880
6.08 157584
6.09 185220
6.1 181104
6.11 171108
6.12 161700
6.13 141708
6.14 155820
6.15 175224
6.16 182280
6.17 164640
6.18 169932
6.19 169932
6.2 172872
6.21 174636
6.22 189924
6.23 195216
6.24 193452
6.25 178164
6.26 174636
6.27 183456
6.28 180516
6.29 182280
6.3 204036
6.31 212856
6.32 183456
6.33 169932
6.34 159936
6.35 160524
6.36 155820
6.37 195804
6.38 194040
6.39 169344
6.4 155232
6.41 161700
6.42 171696
6.43 179928
6.44 154644
6.45 144648
6.46 165228
6.47 162876
6.48 159348
6.49 166992
6.5 171696
6.51 166404
6.52 162288
6.53 156996
6.54 168168
6.55 159348
6.56 153468
6.57 167580
6.58 173460
6.59 178752
6.6 168756
6.61 175812
6.62 164052
6.63 158760
6.64 175812
6.65 167580
6.66 163464
6.67 171696
6.68 162876
6.69 158760
6.7 142884
6.71 162288
6.72 152880
6.73 152880
6.74 159348
6.75 156408
6.76 169932
6.77 151116
6.78 142884
6.79 148764
6.8 159348
6.81 152880
6.82 164640
6.83 165228
6.84 152880
6.85 150528
6.86 151704
6.87 163464
6.88 170520
6.89 176988
6.9 165228
6.91 142884
6.92 157584
6.93 184632
6.94 188748
6.95 192864
6.96 201096
6.97 183456
6.98 170520
6.99 194628
7 193452
7.01 191100
7.02 186984
7.03 189924
7.04 181692
7.05 172872
7.06 183456
7.07 192864
7.08 192864
7.09 199920
7.1 211680
7.11 202272
7.12 193452
7.13 185220
7.14 178164
7.15 152880
7.16 165816
7.17 196980
7.18 198156
7.19 207564
7.2 193452
7.21 199920
7.22 180516
7.23 171696
7.24 159936
7.25 172284
7.26 164640
7.27 171108
7.28 159936
7.29 164052
7.3 173460
7.31 167580
7.32 152880
7.33 143472
7.34 145824
7.35 150528
7.36 142296
7.37 140532
7.38 144060
7.39 145824
7.4 137004
7.41 145236
7.42 150528
7.43 158172
7.44 156996
7.45 153468
7.46 160524
7.47 156996
7.48 167580
7.49 166404
7.5 159348
7.51 166992
7.52 174636
7.53 176400
7.54 185808
7.55 189336
7.56 173460
7.57 195216
7.58 204036
7.59 189924
7.6 186396
7.61 188160
7.62 191100
7.63 201096
7.64 193452
7.65 196392
7.66 201684
7.67 228732
7.68 216972
7.69 199332
7.7 192864
7.71 184044
7.72 155232
7.73 148764
7.74 181692
7.75 191100
7.76 171108
7.77 175812
7.78 168168
7.79 162288
7.8 155232
7.81 157584
7.82 147588
7.83 155232
7.84 156996
7.85 158172
7.86 156996
7.87 156408
7.88 163464
7.89 164640
7.9 148764
7.91 142296
7.92 138180
7.93 133476
7.94 136416
7.95 148764
7.96 156408
7.97 133476
7.98 129360
7.99 154056
8 142884
8.01 144648
8.02 176988
8.03 165816
8.04 165228
8.05 161700
8.06 157584
8.07 156408
8.08 157584
8.09 185220
8.1 191100
8.11 169932
8.12 179928
8.13 191100
8.14 192864
8.15 189336
8.16 212268
8.17 201096
8.18 209916
8.19 191688
8.2 164052
8.21 174048
8.22 195804
8.23 194628
8.24 202272
8.25 219324
8.26 200508
8.27 188748
8.28 173460
8.29 168756
8.3 179340
8.31 188748
8.32 193452
8.33 199920
8.34 174048
8.35 167580
8.36 173460
8.37 160524
8.38 170520
8.39 177576
8.4 174636
8.41 169344
8.42 186396
8.43 175812
8.44 155820
8.45 151116
8.46 134652
8.47 129360
8.48 147000
8.49 156996
8.5 166992
8.51 150528
8.52 165228
8.53 152880
8.54 165816
8.55 156996
8.56 155820
8.57 154644
8.58 162876
8.59 149940
8.6 138768
8.61 153468
8.62 169344
8.63 188160
8.64 193452
8.65 179928
8.66 190512
8.67 195804
8.68 182868
8.69 166404
8.7 169344
8.71 168168
8.72 185220
8.73 205212
8.74 203448
8.75 202860
8.76 220500
8.77 214032
8.78 192276
8.79 172872
8.8 168168
8.81 161700
8.82 168168
8.83 183456
8.84 169344
8.85 172284
8.86 158760
8.87 143472
8.88 158760
8.89 168756
8.9 174048
8.91 144060
8.92 151116
8.93 145824
8.94 138180
8.95 131124
8.96 144060
8.97 152292
8.98 159348
8.99 165816
9 160524
9.01 147588
9.02 155232
9.03 154644
9.04 148176
9.05 158172
9.06 166404
9.07 174048
9.08 168168
9.09 162876
9.1 145236
9.11 176400
9.12 174048
9.13 191688
9.14 178752
9.15 174048
9.16 165816
9.17 206388
9.18 204036
9.19 189336
9.2 170520
9.21 153468
9.22 153468
9.23 179340
9.24 192276
9.25 218148
9.26 194040
9.27 173460
9.28 145824
9.29 159348
9.3 169932
9.31 171696
9.32 178164
9.33 177576
9.34 166992
9.35 159936
9.36 171108
9.37 158760
9.38 158760
9.39 149352
9.4 134064
9.41 128772
9.42 133476
9.43 135828
9.44 149352
9.45 162288
9.46 145236
9.47 161112
9.48 164640
9.49 148764
9.5 145236
9.51 135828
9.52 147588
9.53 141120
9.54 139356
9.55 149352
9.56 176988
9.57 192276
9.58 198156
9.59 186984
9.6 167580
9.61 161112
9.62 156408
9.63 155232
9.64 182868
9.65 184632
9.66 211092
9.67 205800
9.68 188160
9.69 192864
9.7 181104
9.71 173460
9.72 165228
9.73 161112
9.74 166404
9.75 168756
9.76 178752
9.77 179928
9.78 178164
9.79 162876
9.8 175224
9.81 165228
9.82 166992
9.83 160524
9.84 155820
9.85 171108
9.86 159936
9.87 144648
9.88 149940
9.89 146412
9.9 144060
9.91 166992
9.92 156408
9.93 158172
9.94 161700
9.95 152880
9.96 161112
9.97 169344
9.98 164052
9.99 161112
10 168168
10.01 162876
10.02 168756
10.03 162288
10.04 166404
10.05 167580
10.06 164052
10.07 158172
10.08 171108
10.09 174636
10.1 167580
10.11 161112
10.12 149352
10.13 151704
10.14 157584
10.15 175224
10.16 182280
10.17 190512
10.18 179928
10.19 166992
10.2 144648
10.21 136416
10.22 147588
10.23 156996
10.24 162876
10.25 166404
10.26 156408
10.27 151704
10.28 156408
10.29 150528
10.3 147588
10.31 163464
10.32 162876
10.33 166992
10.34 158760
10.35 138180
10.36 158760
10.37 172284
10.38 168756
10.39 170520
10.4 164640
10.41 165228
10.42 183456
10.43 197568
10.44 186396
10.45 175224
10.46 166404
10.47 176988
10.48 189336
10.49 191688
10.5 184632
10.51 204624
10.52 186984
10.53 197568
10.54 186984
10.55 181692
10.56 181104
10.57 184044
10.58 185808
10.59 163464
10.6 152880
10.61 164052
10.62 182868
10.63 178752
10.64 168756
10.65 155820
10.66 160524
10.67 171108
10.68 178752
10.69 160524
10.7 135828
10.71 118776
10.72 126420
10.73 166404
10.74 184044
10.75 168168
10.76 158172
10.77 140532
10.78 117012
10.79 145824
10.8 153468
10.81 141120
10.82 137004
10.83 150528
10.84 160524
10.85 161700
10.86 161700
10.87 155820
10.88 172872
10.89 181692
10.9 164052
10.91 154644
10.92 134652
10.93 137592
10.94 173460
10.95 186984
10.96 194040
10.97 191100
10.98 174048
10.99 164052
11 163464
11.01 164640
11.02 182868
11.03 168756
11.04 164640
11.05 181104
11.06 195804
11.07 179340
11.08 165816
11.09 166992
11.1 182868
11.11 182280
11.12 182868
11.13 168168
11.14 172284
11.15 162876
11.16 152292
11.17 145824
11.18 152292
11.19 158172
11.2 162288
11.21 184044
11.22 188160
11.23 172872
11.24 158172
11.25 139356
11.26 122892
11.27 129360
11.28 115248
11.29 154056
11.3 169932
11.31 163464
11.32 147588
11.33 144060
11.34 135828
11.35 129360
11.36 136416
11.37 132888
11.38 158172
11.39 170520
11.4 155820
11.41 148764
11.42 155232
11.43 152292
11.44 157584
11.45 148176
11.46 166404
11.47 183456
11.48 171108
11.49 172872
11.5 166404
11.51 177576
11.52 166404
11.53 178752
11.54 174636
11.55 171696
11.56 179340
11.57 194040
11.58 192864
11.59 199920
11.6 191688
11.61 189336
11.62 185808
11.63 176400
11.64 155232
11.65 156996
11.66 174636
11.67 195804
11.68 194040
11.69 208152
11.7 191100
11.71 173460
11.72 170520
11.73 149940
11.74 138180
11.75 147000
11.76 151116
11.77 151704
11.78 152292
11.79 166992
11.8 165228
11.81 155232
11.82 161700
11.83 165228
11.84 149352
11.85 150528
11.86 148764
11.87 162876
11.88 170520
11.89 156996
11.9 166992
11.91 174636
11.92 183456
11.93 191688
11.94 194628
11.95 183456
11.96 168168
11.97 161112
11.98 179928
11.99 195804
12 213444
12.01 200508
12.02 186984
12.03 172872
12.04 162876
12.05 181692
12.06 189924
12.07 182280
12.08 182280
12.09 199332
12.1 211092
12.11 198744
12.12 185220
12.13 168756
12.14 166992
12.15 166404
12.16 160524
12.17 181692
12.18 182868
12.19 194628
12.2 192276
12.21 204624
12.22 185808
12.23 206388
12.24 184044
12.25 159348
12.26 157584
12.27 143472
12.28 148176
12.29 184044
12.3 198744
12.31 200508
12.32 174048
12.33 169344
12.34 164640
12.35 175812
12.36 165816
12.37 165228
12.38 163464
12.39 170520
12.4 185220
12.41 173460
12.42 183456
12.43 201096
12.44 192864
12.45 170520
12.46 158172
12.47 160524
12.48 160524
12.49 191100
12.5 194628
12.51 191100
12.52 173460
12.53 176988
12.54 186396
12.55 190512
12.56 182280
12.57 176988
12.58 182868
12.59 198744
12.6 204036
12.61 186984
12.62 203448
12.63 200508
12.64 208740
12.65 214032
12.66 202860
12.67 203448
12.68 193452
12.69 185220
12.7 190512
12.71 196392
12.72 187572
12.73 211680
12.74 205212
12.75 211680
12.76 202860
12.77 192864
12.78 191100
12.79 186396
12.8 165816
12.81 171696
12.82 176988
12.83 178752
12.84 182280
12.85 201684
12.86 211092
12.87 185808
12.88 174048
12.89 158760
12.9 151704
12.91 145236
12.92 155232
12.93 174636
12.94 206388
12.95 192276
12.96 184044
12.97 169344
12.98 139944
12.99 141708
13 163464
13.01 176988
13.02 171696
13.03 162876
13.04 163464
13.05 165228
13.06 169932
13.07 171696
13.08 175224
13.09 174048
13.1 162876
13.11 147588
13.12 126420
13.13 132888
13.14 156996
13.15 177576
13.16 169932
13.17 164052
13.18 158172
13.19 145236
13.2 143472
13.21 146412
13.22 138180
13.23 155232
13.24 159348
13.25 158172
13.26 154644
13.27 149352
13.28 151704
13.29 178164
13.3 178164
13.31 165228
13.32 161112
13.33 148176
13.34 162288
13.35 186984
13.36 206976
13.37 210504
13.38 228144
13.39 218736
13.4 192276
13.41 189924
13.42 198156
13.43 178752
13.44 181104
13.45 199920
13.46 232848
13.47 234024
13.48 231084
13.49 231084
13.5 224616
13.51 205800
13.52 217560
13.53 205800
13.54 207564
13.55 205800
13.56 195216
13.57 200508
13.58 226380
13.59 237552
13.6 234612
13.61 216384
13.62 193452
13.63 193452
13.64 181104
13.65 185220
13.66 214032
13.67 226380
13.68 214620
13.69 209328
13.7 209916
13.71 204624
13.72 196392
13.73 207564
13.74 212268
13.75 195804
13.76 185808
13.77 183456
13.78 188160
13.79 182280
13.8 181104
13.81 168756
13.82 154056
13.83 155820
13.84 184044
13.85 199920
13.86 189336
13.87 179928
13.88 161700
13.89 151704
13.9 155232
13.91 141120
13.92 159936
13.93 161700
13.94 172872
13.95 180516
13.96 166404
13.97 132888
13.98 143472
13.99 168168
14 176400
14.01 169344
14.02 161700
14.03 149940
14.04 165228
14.05 171108
14.06 167580
14.07 176988
14.08 186984
14.09 192276
14.1 194628
14.11 188748
14.12 184044
14.13 168168
14.14 160524
14.15 178164
14.16 193452
14.17 198156
14.18 171696
14.19 182868
14.2 194040
14.21 177576
14.22 175812
14.23 165816
14.24 156408
14.25 149352
14.26 145236
14.27 168756
14.28 189924
14.29 178164
14.3 169344
14.31 159348
14.32 142296
14.33 138768
14.34 158760
14.35 168168
14.36 184632
14.37 185220
14.38 186984
14.39 168756
14.4 158172
14.41 169932
14.42 171696
14.43 181104
14.44 180516
14.45 167580
14.46 154644
14.47 156408
14.48 174636
14.49 167580
14.5 173460
14.51 182868
14.52 175224
14.53 199332
14.54 195216
14.55 181692
14.56 158760
14.57 147588
14.58 156408
14.59 178164
14.6 192276
14.61 199332
14.62 198744
14.63 195804
14.64 169932
14.65 159348
14.66 145236
14.67 155232
14.68 154644
14.69 160524
14.7 156996
14.71 159348
14.72 151116
14.73 146412
14.74 141708
14.75 149352
14.76 155232
14.77 152880
14.78 154056
14.79 152880
14.8 154056
14.81 152880
14.82 164640
14.83 157584
14.84 156996
14.85 161112
14.86 162288
14.87 142884
14.88 161112
14.89 196980
14.9 200508
14.91 195804
14.92 181692
14.93 168756
14.94 163464
14.95 169344
14.96 184044
14.97 202272
14.98 226380
14.99 197568
15 183456
15.01 171696
15.02 171108
15.03 169344
15.04 205212
15.05 211092
15.06 209328
15.07 202272
15.08 204036
15.09 194628
15.1 194628
15.11 194040
15.12 209328
15.13 201096
15.14 190512
15.15 185220
15.16 184632
15.17 181692
15.18 174048
15.19 179928
15.2 179340
15.21 181104
15.22 152880
15.23 156408
15.24 186396
15.25 194628
15.26 186396
15.27 162288
15.28 140532
15.29 123480
15.3 130536
15.31 148764
15.32 138180
15.33 156408
15.34 159936
15.35 175812
15.36 168168
15.37 155820
15.38 136416
15.39 127008
15.4 123480
15.41 143472
15.42 151704
15.43 174048
15.44 189336
15.45 167580
15.46 162876
15.47 149940
15.48 166404
15.49 176988
15.5 177576
15.51 166992
15.52 172284
15.53 170520
15.54 150528
15.55 169344
15.56 158760
15.57 169344
15.58 175812
15.59 191100
15.6 186984
15.61 167580
15.62 165816
15.63 163464
15.64 179928
15.65 169344
15.66 169932
15.67 172284
15.68 188748
15.69 186984
15.7 182280
15.71 194628
15.72 175224
15.73 165816
15.74 164052
15.75 151116
15.76 146412
15.77 154644
15.78 151116
15.79 169344
15.8 168168
15.81 164052
15.82 146412
15.83 145236
15.84 144648
15.85 152880
15.86 145236
15.87 126420
15.88 124656
15.89 126420
15.9 132888
15.91 135828
15.92 136416
15.93 141708
15.94 160524
15.95 155232
15.96 151116
15.97 134652
15.98 143472
15.99 139356
16 153468
16.01 147588
16.02 149940
16.03 169932
16.04 175224
16.05 175224
16.06 192864
16.07 173460
16.08 167580
16.09 163464
16.1 164052
16.11 161112
16.12 161700
16.13 170520
16.14 168756
16.15 186396
16.16 213444
16.17 190512
16.18 181104
16.19 160524
16.2 157584
16.21 149940
16.22 150528
16.23 169344
16.24 175224
16.25 181104
16.26 176988
16.27 171108
16.28 163464
16.29 151704
16.3 146412
16.31 158760
16.32 175224
16.33 169344
16.34 167580
16.35 155820
16.36 156996
16.37 165816
16.38 169344
16.39 169932
16.4 174636
16.41 190512
16.42 192276
16.43 169932
16.44 152880
16.45 156996
16.46 172872
16.47 166404
16.48 186396
16.49 176988
16.5 172284
16.51 194040
16.52 207564
16.53 199332
16.54 176400
16.55 165228
16.56 147588
16.57 152880
16.58 175812
16.59 195804
16.6 208152
16.61 194628
16.62 200508
16.63 195216
16.64 168168
16.65 169932
16.66 171108
16.67 167580
16.68 175812
16.69 176400
16.7 181692
16.71 178164
16.72 177576
16.73 157584
16.74 166404
16.75 156996
16.76 161700
16.77 158760
16.78 153468
16.79 152292
16.8 151116
16.81 171696
16.82 155232
16.83 144060
16.84 138768
16.85 137592
16.86 147000
16.87 170520
16.88 157584
16.89 151116
16.9 168756
16.91 169932
16.92 178164
16.93 173460
16.94 182868
16.95 160524
16.96 181692
16.97 178164
16.98 172872
16.99 179340
17 184044
17.01 179928
17.02 199920
17.03 189336
17.04 175812
17.05 176400
17.06 172872
17.07 181104
17.08 179928
17.09 171108
17.1 181692
17.11 184044
17.12 173460
17.13 162876
17.14 166992
17.15 157584
17.16 138180
17.17 139356
17.18 161112
17.19 159348
17.2 165228
17.21 157584
17.22 147000
17.23 123480
17.24 122304
17.25 147000
17.26 154056
17.27 149940
17.28 134064
17.29 135240
17.3 131712
17.31 138180
17.32 141708
17.33 152292
17.34 168756
17.35 158760
17.36 158172
17.37 150528
17.38 136416
17.39 137004
17.4 159936
17.41 178164
17.42 172284
17.43 185808
17.44 174636
17.45 157584
17.46 142884
17.47 139944
17.48 165228
17.49 174636
17.5 188748
17.51 176400
17.52 174636
17.53 171108
17.54 168168
17.55 155820
17.56 163464
17.57 167580
17.58 164052
17.59 160524
17.6 169932
17.61 172872
17.62 155232
17.63 147000
17.64 158172
17.65 158172
17.66 162288
17.67 174048
17.68 171108
17.69 151116
17.7 136416
17.71 131712
17.72 156996
17.73 174048
17.74 154644
17.75 139944
17.76 138768
17.77 137592
17.78 137004
17.79 158760
17.8 162876
17.81 141120
17.82 142884
17.83 145236
17.84 149352
17.85 145236
17.86 173460
17.87 154644
17.88 160524
17.89 160524
17.9 153468
17.91 146412
17.92 139944
17.93 141708
17.94 152292
17.95 137592
17.96 149940
17.97 195804
17.98 199920
17.99 190512
18 181104
18.01 176988
18.02 137004
18.03 118776
18.04 134064
18.05 162876
18.06 191688
18.07 198156
18.08 196392
18.09 192276
18.1 175812
18.11 155820
18.12 143472
18.13 147588
18.14 160524
18.15 168168
18.16 196392
18.17 181104
18.18 193452
18.19 185220
18.2 177576
18.21 174048
18.22 171108
18.23 168756
18.24 156996
18.25 144060
18.26 158172
18.27 176988
18.28 189336
18.29 183456
18.3 187572
18.31 159348
18.32 159936
18.33 149940
18.34 151116
18.35 157584
18.36 175224
18.37 184044
18.38 184044
18.39 168168
18.4 184632
18.41 192276
18.42 181104
18.43 172872
18.44 192276
18.45 187572
18.46 184632
18.47 188160
18.48 185808
18.49 172284
18.5 163464
18.51 180516
18.52 185808
18.53 169932
18.54 183456
18.55 179340
18.56 197568
18.57 171108
18.58 158172
18.59 160524
18.6 153468
18.61 167580
18.62 154056
18.63 143472
18.64 178752
18.65 183456
18.66 184632
18.67 181104
18.68 154644
18.69 158172
18.7 150528
18.71 139356
18.72 136416
18.73 171108
18.74 176400
18.75 178164
18.76 168756
18.77 180516
18.78 180516
18.79 172872
18.8 162876
18.81 156996
18.82 173460
18.83 151704
18.84 147588
18.85 171108
18.86 169932
18.87 156408
18.88 166404
18.89 156996
18.9 141120
18.91 131124
18.92 145824
18.93 165228
18.94 163464
18.95 160524
18.96 144060
18.97 144060
18.98 156408
18.99 161700
19 181104
19.01 167580
19.02 156996
19.03 151116
19.04 128184
19.05 138180
19.06 140532
19.07 142884
19.08 158760
19.09 179340
19.1 171696
19.11 155232
19.12 143472
19.13 140532
19.14 147000
19.15 155820
19.16 162876
19.17 165228
19.18 162876
19.19 161700
19.2 166404
19.21 165228
19.22 161112
19.23 165228
19.24 139356
19.25 135240
19.26 147588
19.27 167580
19.28 189336
19.29 178164
19.3 159348
19.31 152880
19.32 154644
19.33 166404
19.34 169344
19.35 185808
19.36 188748
19.37 189924
19.38 187572
19.39 175812
19.4 175812
19.41 175224
19.42 182868
19.43 185220
19.44 185220
19.45 186984
19.46 186396
19.47 188748
19.48 194628
19.49 182868
19.5 185808
19.51 179340
19.52 184044
19.53 185808
19.54 191688
19.55 190512
19.56 169932
19.57 152292
19.58 179928
19.59 206388
19.6 205800
19.61 201096
19.62 184044
19.63 177576
19.64 169932
19.65 160524
19.66 160524
19.67 162876
19.68 163464
19.69 179928
19.7 186396
19.71 180516
19.72 158172
19.73 127596
19.74 139944
19.75 145824
19.76 149940
19.77 161700
19.78 145824
19.79 162876
19.8 161112
19.81 154644
19.82 141708
19.83 144060
19.84 156996
19.85 180516
19.86 178164
19.87 178164
19.88 175812
19.89 168168
19.9 154056
19.91 152880
19.92 162288
19.93 171696
19.94 188748
19.95 186396
19.96 181692
19.97 178164
19.98 188160
19.99 176400
20 165228
20.01 158760
20.02 151116
20.03 154644
20.04 172284
20.05 168168
20.06 163464
20.07 171696
20.08 176400
20.09 164640
20.1 145824
20.11 140532
20.12 137592
20.13 142884
20.14 166992
20.15 189924
20.16 192276
20.17 166992
20.18 175224
20.19 168756
20.2 177576
20.21 187572
20.22 194040
20.23 192864
20.24 176400
20.25 167580
20.26 164640
20.27 163464
20.28 182280
20.29 188160
20.3 203448
20.31 181692
20.32 168756
20.33 183456
20.34 185808
20.35 175812
20.36 172872
20.37 156408
20.38 169344
20.39 162876
20.4 178752
20.41 198156
20.42 172284
20.43 164052
20.44 166404
20.45 166992
20.46 174048
20.47 167580
20.48 168756
20.49 164052
20.5 169932
20.51 167580
20.52 149940
20.53 144060
20.54 144060
20.55 173460
20.56 186396
20.57 191100
20.58 171696
20.59 168168
20.6 150528
20.61 132888
20.62 157584
20.63 185808
20.64 178164
20.65 169932
20.66 173460
20.67 152880
20.68 152292
20.69 139944
20.7 138180
20.71 121128
20.72 141120
20.73 149940
20.74 151116
20.75 149352
20.76 143472
20.77 156996
20.78 159936
20.79 167580
20.8 156996
20.81 167580
20.82 181104
20.83 188160
20.84 176400
20.85 161700
20.86 156408
20.87 165228
20.88 169932
20.89 181692
20.9 192276
20.91 207564
20.92 191688
20.93 189336
20.94 195804
20.95 200508
20.96 189924
20.97 190512
20.98 189336
20.99 197568
21 195216
21.01 205800
21.02 193452
21.03 200508
21.04 202272
21.05 191100
21.06 175812
21.07 196392
21.08 199920
21.09 200508
21.1 176988
21.11 186984
21.12 173460
21.13 161700
21.14 178752
21.15 176400
21.16 170520
21.17 155820
21.18 142296
21.19 148176
21.2 161700
21.21 157584
21.22 175224
21.23 166992
21.24 137592
21.25 128184
21.26 129360
21.27 149940
21.28 172872
21.29 171108
21.3 172872
21.31 151704
21.32 150528
21.33 150528
21.34 165816
21.35 162876
21.36 152880
21.37 128772
21.38 134652
21.39 138768
21.4 165228
21.41 156408
21.42 147000
21.43 164052
21.44 161700
21.45 150528
21.46 148764
21.47 145236
21.48 156996
21.49 156408
21.5 159936
21.51 179928
21.52 161112
21.53 160524
21.54 169932
21.55 175812
21.56 170520
21.57 162876
21.58 166992
21.59 165816
21.6 165816
21.61 165816
21.62 158172
21.63 156996
21.64 176400
21.65 183456
21.66 181692
21.67 184044
21.68 155820
21.69 151704
21.7 165228
21.71 164052
21.72 161112
21.73 159936
21.74 149352
21.75 174636
21.76 194628
21.77 203448
21.78 190512
21.79 190512
21.8 171696
21.81 147000
21.82 167580
21.83 168756
21.84 174636
21.85 179928
21.86 194628
21.87 182280
21.88 171108
21.89 191100
21.9 176400
21.91 165816
21.92 157584
21.93 147000
21.94 150528
21.95 151704
21.96 159348
21.97 167580
21.98 177576
21.99 176988
22 171696
22.01 159936
22.02 135240
22.03 130536
22.04 117012
22.05 150528
22.06 157584
22.07 143472
22.08 118188
22.09 122304
22.1 142884
22.11 134652
22.12 128772
22.13 121716
22.14 134652
22.15 125832
22.16 135828
22.17 155820
22.18 161700
22.19 170520
22.2 164052
22.21 154644
22.22 137004
22.23 167580
22.24 172872
22.25 197568
22.26 195804
22.27 177576
22.28 166404
22.29 174636
22.3 188748
22.31 190512
22.32 171108
22.33 189336
22.34 189336
22.35 184632
22.36 179928
22.37 196980
22.38 175224
22.39 178164
22.4 175224
22.41 181104
22.42 184044
22.43 175224
22.44 179340
22.45 166992
22.46 170520
22.47 175224
22.48 176988
22.49 170520
22.5 179340
22.51 159936
22.52 141708
22.53 134652
22.54 146412
22.55 153468
22.56 159936
22.57 142884
22.58 145824
22.59 140532
22.6 129360
22.61 124656
22.62 155820
22.63 144648
22.64 148176
22.65 137592
22.66 148176
22.67 141120
22.68 139356
22.69 135828
22.7 117012
22.71 124068
22.72 166992
22.73 163464
22.74 148764
22.75 155820
22.76 149352
22.77 149940
22.78 166992
22.79 164052
22.8 180516
22.81 172284
22.82 161700
22.83 150528
22.84 156408
22.85 176400
22.86 174636
22.87 185808
22.88 192276
22.89 186396
22.9 170520
22.91 173460
22.92 171696
22.93 174636
22.94 166404
22.95 181104
22.96 176400
22.97 193452
22.98 189924
22.99 198744
23 204624
23.01 193452
23.02 161112
23.03 148764
23.04 144648
23.05 149352
23.06 164052
23.07 182280
23.08 176400
23.09 166404
23.1 150528
23.11 153468
23.12 149352
23.13 134652
23.14 123480
23.15 139356
23.16 158172
23.17 145236
23.18 157584
23.19 167580
23.2 146412
23.21 146412
23.22 157584
23.23 145236
23.24 147000
23.25 152880
23.26 152880
23.27 152880
23.28 168168
23.29 173460
23.3 177576
23.31 186396
23.32 174636
23.33 179340
23.34 166404
23.35 173460
23.36 181692
23.37 171108
23.38 176400
23.39 197568
23.4 189336
23.41 186984
23.42 182868
23.43 185808
23.44 182868
23.45 184044
23.46 167580
23.47 173460
23.48 162876
23.49 143472
23.5 137004
23.51 138768
23.52 159348
23.53 165816
23.54 161112
23.55 148764
23.56 131712
23.57 105840
23.58 125832
23.59 138180
23.6 133476
23.61 145824
23.62 161700
23.63 146412
23.64 139944
23.65 132300
23.66 124068
23.67 135240
23.68 149352
23.69 158172
23.7 144060
23.71 154056
23.72 158172
23.73 156996
23.74 159936
23.75 165228
23.76 155820
23.77 133476
23.78 135828
23.79 135240
23.8 154056
23.81 185808
23.82 178164
23.83 155820
23.84 147000
23.85 149352
23.86 159936
23.87 163464
23.88 192276
23.89 194040
23.9 174048
23.91 162876
23.92 164640
23.93 166404
23.94 182868
23.95 186984
23.96 186984
23.97 176400
23.98 188160
23.99 172284
24 158172
24.01 154644
24.02 155232
24.03 150528
24.04 141708
24.05 154644
24.06 156996
24.07 174048
24.08 166992
24.09 153468
24.1 129360
24.11 106428
24.12 124656
24.13 146412
24.14 145824
24.15 156996
24.16 157584
24.17 151704
24.18 153468
24.19 164052
24.2 164640
24.21 157584
24.22 147588
24.23 134064
24.24 131124
24.25 149940
24.26 173460
24.27 191100
24.28 204036
24.29 181104
24.3 168168
24.31 175224
24.32 174048
24.33 168168
24.34 174636
24.35 168168
24.36 175812
24.37 181104
24.38 194040
24.39 197568
24.4 207564
24.41 213444
24.42 188748
24.43 181104
24.44 162876
24.45 170520
24.46 185220
24.47 198156
24.48 205212
24.49 216972
24.5 194628
24.51 183456
24.52 217560
24.53 198744
24.54 182868
24.55 175812
24.56 154644
24.57 182868
24.58 196980
24.59 196980
24.6 186984
24.61 174048
24.62 164052
24.63 159936
24.64 169344
24.65 177576
24.66 166404
24.67 158172
24.68 144648
24.69 148764
24.7 145824
24.71 144060
24.72 135828
24.73 137592
24.74 151116
24.75 141120
24.76 159936
24.77 171108
24.78 161700
24.79 152292
24.8 134064
24.81 129360
24.82 125832
24.83 140532
24.84 161700
24.85 192276
24.86 166404
24.87 148176
24.88 158760
24.89 174048
24.9 171108
24.91 159348
24.92 178164
24.93 176988
24.94 161112
24.95 157584
24.96 174048
24.97 181104
24.98 181692
24.99 184044
25 181692
25.01 187572
25.02 175812
25.03 165228
25.04 166404
25.05 157584
25.06 151704
25.07 149940
25.08 186984
25.09 197568
25.1 169932
25.11 155820
25.12 141120
25.13 146412
25.14 161112
25.15 165228
25.16 171696
25.17 159348
25.18 143472
25.19 142296
25.2 160524
25.21 169344
25.22 165228
25.23 166992
25.24 162288
25.25 160524
25.26 172872
25.27 170520
25.28 163464
25.29 155820
25.3 170520
25.31 168756
25.32 174636
25.33 169344
25.34 165816
25.35 186396
25.36 208152
25.37 201684
25.38 184632
25.39 162876
25.4 162288
25.41 174636
25.42 184632
25.43 195216
25.44 195216
25.45 204036
25.46 197568
25.47 181104
25.48 172872
25.49 175224
25.5 166404
25.51 172284
25.52 187572
25.53 196392
25.54 195804
25.55 179928
25.56 173460
25.57 174636
25.58 169932
25.59 182868
25.6 192276
25.61 190512
25.62 184632
25.63 168168
25.64 151116
25.65 155232
25.66 159348
25.67 176988
25.68 180516
25.69 162288
25.7 159936
25.71 139944
25.72 156996
25.73 162876
25.74 169344
25.75 164640
25.76 156408
25.77 153468
25.78 152292
25.79 151704
25.8 165816
25.81 161112
25.82 181692
25.83 172284
25.84 156996
25.85 173460
25.86 171108
25.87 160524
25.88 164052
25.89 172284
25.9 172284
25.91 155232
25.92 166404
25.93 171108
25.94 190512
25.95 177576
25.96 164052
25.97 148764
25.98 141120
25.99 141120
26 129948
26.01 146412
26.02 167580
26.03 164640
26.04 154056
26.05 132300
26.06 140532
26.07 149352
26.08 148764
26.09 145236
26.1 155820
26.11 141120
26.12 139356
26.13 143472
26.14 141708
26.15 140532
26.16 172284
26.17 178164
26.18 168756
26.19 163464
26.2 168168
26.21 177576
26.22 162288
26.23 171696
26.24 172872
26.25 161112
26.26 179340
26.27 188160
26.28 176988
26.29 182280
26.3 178752
26.31 179928
26.32 172284
26.33 164052
26.34 155820
26.35 153468
26.36 164052
26.37 168168
26.38 175224
26.39 175224
26.4 159936
26.41 152880
26.42 157584
26.43 134064
26.44 134064
26.45 122892
26.46 136416
26.47 138768
26.48 132300
26.49 145824
26.5 142296
26.51 146412
26.52 134064
26.53 129360
26.54 144648
26.55 141708
26.56 148764
26.57 159936
26.58 148764
26.59 136416
26.6 144648
26.61 163464
26.62 185220
26.63 179340
26.64 171108
26.65 151704
26.66 166404
26.67 183456
26.68 165228
26.69 161700
26.7 164052
26.71 189336
26.72 181104
26.73 192276
26.74 192276
26.75 165816
26.76 175812
26.77 162876
26.78 170520
26.79 189924
26.8 183456
26.81 175224
26.82 168756
26.83 159348
26.84 163464
26.85 186396
26.86 197568
26.87 179928
26.88 171696
26.89 172872
26.9 172284
26.91 185220
26.92 175224
26.93 168168
26.94 169344
26.95 169932
26.96 182868
26.97 189924
26.98 169344
26.99 152880
27 139356
27.01 150528
27.02 148176
27.03 173460
27.04 181692
27.05 168168
27.06 145824
27.07 149352
27.08 155820
27.09 169932
27.1 169932
27.11 178164
27.12 166992
27.13 176988
27.14 184044
27.15 171108
27.16 166404
27.17 174048
27.18 165228
27.19 186984
27.2 192276
27.21 194040
27.22 189924
27.23 198156
27.24 188160
27.25 185220
27.26 181104
27.27 171108
27.28 175812
27.29 211680
27.3 237552
27.31 236376
27.32 212856
27.33 203448
27.34 192276
27.35 183456
27.36 191100
27.37 195804
27.38 193452
27.39 210504
27.4 206388
27.41 205800
27.42 207564
27.43 189336
27.44 173460
27.45 167580
27.46 161700
27.47 156408
27.48 180516
27.49 182868
27.5 166992
27.51 165228
27.52 166992
27.53 165228
27.54 166404
27.55 151116
27.56 171696
27.57 160524
27.58 144060
27.59 142296
27.6 176400
27.61 179340
27.62 186984
27.63 192864
27.64 161700
27.65 136416
27.66 127596
27.67 135828
27.68 155820
27.69 172284
27.7 170520
27.71 174636
27.72 158172
27.73 174636
27.74 169344
27.75 164052
27.76 154056
27.77 134064
27.78 154644
27.79 160524
27.8 158760
27.81 155232
27.82 172872
27.83 167580
27.84 182280
27.85 185808
27.86 171696
27.87 165228
27.88 147588
27.89 137004
27.9 150528
27.91 168168
27.92 189924
27.93 194628
27.94 175812
27.95 169344
27.96 171696
27.97 156996
27.98 164052
27.99 176400
28 168168
28.01 161700
28.02 153468
28.03 159348
28.04 169344
28.05 171108
28.06 170520
28.07 144648
28.08 149940
28.09 149352
28.1 143472
28.11 158760
28.12 168168
28.13 192864
28.14 192864
28.15 172872
28.16 160524
28.17 151704
28.18 141708
28.19 161700
28.2 176400
28.21 191100
28.22 195804
28.23 185220
28.24 179340
28.25 164640
28.26 175224
28.27 171696
28.28 174048
28.29 176988
28.3 187572
28.31 183456
28.32 170520
28.33 164640
28.34 164640
28.35 174048
28.36 179340
28.37 178164
28.38 174048
28.39 161112
28.4 144060
28.41 133476
28.42 130536
28.43 134652
28.44 142884
28.45 151704
28.46 149352
28.47 149940
28.48 144060
28.49 152292
28.5 132300
28.51 139944
28.52 142884
28.53 131712
28.54 161112
28.55 167580
28.56 164052
28.57 161700
28.58 158760
28.59 158760
28.6 161700
28.61 176988
28.62 198156
28.63 182280
28.64 177576
28.65 184044
28.66 186396
28.67 176400
28.68 174636
28.69 192864
28.7 205800
28.71 211680
28.72 199332
28.73 207564
28.74 211092
28.75 169932
28.76 171696
28.77 175224
28.78 187572
28.79 196392
28.8 201096
28.81 199332
28.82 211092
28.83 184044
28.84 172872
28.85 169932
28.86 159348
28.87 165816
28.88 156996
28.89 147588
28.9 161700
28.91 180516
28.92 177576
28.93 169932
28.94 152880
28.95 149940
28.96 154644
28.97 143472
28.98 137004
28.99 126420
29 134652
29.01 133476
29.02 127596
29.03 125244
29.04 127008
29.05 129360
29.06 117600
29.07 110544
29.08 137592
29.09 122892
29.1 105252
29.11 139944
29.12 139944
29.13 151704
29.14 176988
29.15 171696
29.16 166992
29.17 164640
29.18 145236
29.19 162876
29.2 169344
29.21 174636
29.22 165816
29.23 198156
29.24 206388
29.25 215208
29.26 210504
29.27 200508
29.28 187572
29.29 191688
29.3 191100
29.31 203448
29.32 215208
29.33 209328
29.34 199920
29.35 219912
29.36 216972
29.37 205212
29.38 197568
29.39 194040
29.4 194040
29.41 203448
29.42 206976
29.43 209328
29.44 190512
29.45 194628
29.46 190512
29.47 166992
29.48 169344
29.49 173460
29.5 173460
29.51 184044
29.52 200508
29.53 192864
29.54 176988
29.55 179928
29.56 168168
29.57 180516
29.58 164052
29.59 150528
29.6 160524
29.61 169932
29.62 172284
29.63 178752
29.64 183456
29.65 182280
29.66 175224
29.67 168168
29.68 146412
29.69 147588
29.7 162288
29.71 162876
29.72 159348
29.73 171108
29.74 182280
29.75 187572
29.76 190512
29.77 168168
29.78 154644
29.79 166404
29.8 169932
29.81 166404
29.82 170520
29.83 183456
29.84 188748
29.85 219324
29.86 211092
29.87 193452
29.88 174636
29.89 166404
29.9 161700
29.91 151704
29.92 177576
29.93 188160
29.94 192864
29.95 185808
29.96 171696
29.97 170520
29.98 174636
29.99 192276
30 196392
30.01 199920
30.02 195804
30.03 188160
30.04 166992
30.05 179340
30.06 180516
30.07 198744
30.08 199332
30.09 208152
30.1 221088
30.11 221088
30.12 197568
30.13 175224
30.14 172284
30.15 164640
30.16 169932
30.17 168168
30.18 179340
30.19 187572
30.2 185808
30.21 166404
30.22 171108
30.23 176400
30.24 167580
30.25 164052
30.26 155820
30.27 156996
30.28 175224
30.29 172872
30.3 164052
30.31 158172
30.32 173460
30.33 167580
30.34 180516
30.35 196980
30.36 188160
30.37 187572
30.38 172872
30.39 167580
30.4 174048
30.41 192864
30.42 194628
30.43 200508
30.44 191100
30.45 185220
30.46 174048
30.47 191100
30.48 201684
30.49 197568
30.5 198156
30.51 193452
30.52 188160
30.53 188748
30.54 191100
30.55 174636
30.56 169344
30.57 178752
30.58 216972
30.59 212268
30.6 192276
30.61 181692
30.62 160524
30.63 166992
30.64 161700
30.65 174636
30.66 182868
30.67 211092
30.68 199920
30.69 186984
30.7 168756
30.71 174048
30.72 183456
30.73 191100
30.74 170520
30.75 165816
30.76 165228
30.77 162876
30.78 178752
30.79 184632
30.8 185220
30.81 180516
30.82 164052
30.83 158172
30.84 153468
30.85 165816
30.86 182280
30.87 166992
30.88 155820
30.89 141708
30.9 121716
30.91 158760
30.92 175812
30.93 186984
30.94 181692
30.95 148176
30.96 117012
30.97 124068
30.98 138768
30.99 174636
31 180516
31.01 170520
31.02 156996
31.03 166404
31.04 162876
31.05 166404
31.06 157584
31.07 151704
31.08 159348
31.09 164640
31.1 169932
31.11 183456
31.12 198744
31.13 193452
31.14 176988
31.15 153468
31.16 159348
31.17 160524
31.18 171696
31.19 187572
31.2 192276
31.21 177576
31.22 157584
31.23 144648
31.24 147000
31.25 175812
31.26 162288
31.27 164052
31.28 166404
31.29 178752
31.3 175224
31.31 176400
31.32 165816
31.33 161700
31.34 173460
31.35 164052
31.36 183456
31.37 178164
31.38 196392
31.39 184632
31.4 186396
31.41 189336
31.42 178752
31.43 199920
31.44 178164
31.45 180516
31.46 188748
31.47 188748
31.48 188748
31.49 176400
31.5 181692
31.51 159936
31.52 162876
31.53 159348
31.54 162288
31.55 164052
31.56 155820
31.57 148176
31.58 144648
31.59 132888
31.6 128184
31.61 124656
31.62 128772
31.63 148176
31.64 157584
31.65 149352
31.66 153468
31.67 146412
31.68 129948
31.69 129360
31.7 152292
31.71 162876
31.72 178164
31.73 189336
31.74 169932
31.75 149352
31.76 158760
31.77 151704
31.78 142884
31.79 160524
31.8 182280
31.81 185808
31.82 185220
31.83 179928
31.84 167580
31.85 172872
31.86 173460
31.87 165816
31.88 155820
31.89 155820
31.9 154056
31.91 176988
31.92 175224
31.93 166404
31.94 179340
31.95 178752
31.96 176400
31.97 185220
31.98 174636
31.99 168756
32 153468
32.01 135828
32.02 142884
32.03 156408
32.04 173460
32.05 185808
32.06 205212
32.07 185808
32.08 168168
32.09 164052
32.1 159936
32.11 157584
32.12 152292
32.13 135240
32.14 161700
32.15 163464
32.16 168168
32.17 171108
32.18 174636
32.19 173460
32.2 151704
32.21 127596
32.22 125832
32.23 138180
32.24 159936
32.25 166404
32.26 161700
32.27 165228
32.28 161112
32.29 157584
32.3 168168
32.31 165816
32.32 155820
32.33 159348
32.34 152880
32.35 154644
32.36 162288
32.37 164052
32.38 173460
32.39 159936
32.4 162876
32.41 161112
32.42 151704
32.43 155232
32.44 151116
32.45 169932
32.46 176400
32.47 163464
32.48 146412
32.49 154644
32.5 159348
32.51 183456
32.52 183456
32.53 185808
32.54 151704
32.55 156408
32.56 164052
32.57 189924
32.58 208740
32.59 185808
32.6 171108
32.61 165228
32.62 185220
32.63 189924
32.64 187572
32.65 182280
32.66 186984
32.67 168756
32.68 184044
32.69 189924
32.7 194040
32.71 193452
32.72 180516
32.73 194628
32.74 187572
32.75 171696
32.76 182280
32.77 172872
32.78 165228
32.79 171696
32.8 195804
32.81 208152
32.82 204036
32.83 194628
32.84 174636
32.85 169344
32.86 161700
32.87 179928
32.88 178752
32.89 163464
32.9 147000
32.91 147588
32.92 173460
32.93 174048
32.94 154056
32.95 159936
32.96 146412
32.97 135828
32.98 152880
32.99 145236
33 154644
33.01 161112
33.02 139356
33.03 148176
33.04 158172
33.05 152292
33.06 148764
33.07 142884
33.08 145824
33.09 162876
33.1 172872
33.11 167580
33.12 171696
33.13 155232
33.14 142296
33.15 148764
33.16 176400
33.17 184632
33.18 172872
33.19 167580
33.2 173460
33.21 175224
33.22 158760
33.23 158760
33.24 176400
33.25 181104
33.26 177576
33.27 169344
33.28 169932
33.29 161700
33.3 169344
33.31 165228
33.32 159348
33.33 178752
33.34 172284
33.35 186984
33.36 189336
33.37 179340
33.38 173460
33.39 166992
33.4 184632
33.41 194040
33.42 184632
33.43 175224
33.44 175224
33.45 193452
33.46 207564
33.47 188160
33.48 202272
33.49 198744
33.5 183456
33.51 174636
33.52 171108
33.53 165816
33.54 184632
33.55 178752
33.56 198744
33.57 187572
33.58 181692
33.59 195804
33.6 184044
33.61 177576
33.62 179928
33.63 176400
33.64 172284
33.65 164640
33.66 179340
33.67 216972
33.68 204624
33.69 189336
33.7 165816
33.71 162288
33.72 155820
33.73 165816
33.74 181692
33.75 186984
33.76 194628
33.77 205800
33.78 172284
33.79 148176
33.8 171696
33.81 169344
33.82 174048
33.83 183456
33.84 188160
33.85 192276
33.86 210504
33.87 198156
33.88 174636
33.89 182868
33.9 184044
33.91 174636
33.92 164640
33.93 167580
33.94 172284
33.95 187572
33.96 201096
33.97 196980
33.98 197568
33.99 181692
34 165816
34.01 170520
34.02 168168
34.03 174636
34.04 167580
34.05 169344
34.06 179340
34.07 172284
34.08 152292
34.09 152880
34.1 144648
34.11 150528
34.12 166404
34.13 168756
34.14 174048
34.15 168168
34.16 147000
34.17 150528
34.18 141120
34.19 138180
34.2 148176
34.21 166992
34.22 165228
34.23 162288
34.24 175224
34.25 174636
34.26 167580
34.27 156996
34.28 160524
34.29 155232
34.3 161700
34.31 167580
34.32 169932
34.33 183456
34.34 194040
34.35 205212
34.36 179928
34.37 162876
34.38 151116
34.39 162288
34.4 186984
34.41 183456
34.42 189924
34.43 176400
34.44 160524
34.45 180516
34.46 186396
34.47 177576
34.48 169344
34.49 184632
34.5 188748
34.51 175812
34.52 163464
34.53 182280
34.54 167580
34.55 169344
34.56 166404
34.57 176988
34.58 170520
34.59 171696
34.6 166404
34.61 183456
34.62 171108
34.63 158172
34.64 178164
34.65 162876
34.66 149940
34.67 159936
34.68 155820
34.69 151116
34.7 152880
34.71 154644
34.72 156408
34.73 157584
34.74 160524
34.75 164640
34.76 145236
34.77 147588
34.78 138768
34.79 135828
34.8 123480
34.81 142296
34.82 168756
34.83 172872
34.84 201684
34.85 193452
34.86 182280
34.87 168168
34.88 154056
34.89 147000
34.9 162288
34.91 175224
34.92 194628
34.93 191688
34.94 191688
34.95 195804
34.96 179340
34.97 177576
34.98 168756
34.99 182868
35 175224
35.01 171696
35.02 171696
35.03 168756
35.04 162288
35.05 167580
35.06 165816
35.07 169344
35.08 155232
35.09 144060
35.1 160524
35.11 161112
35.12 134064
35.13 115836
35.14 126420
35.15 138180
35.16 137592
35.17 133476
35.18 139944
35.19 138768
35.2 135828
35.21 122304
35.22 131712
35.23 155820
35.24 151116
35.25 138768
35.26 134064
35.27 122892
35.28 129360
35.29 146412
35.3 142884
35.31 152292
35.32 139356
35.33 131124
35.34 144060
35.35 164052
35.36 149352
35.37 151116
35.38 158760
35.39 168756
35.4 182280
35.41 186984
35.42 179340
35.43 167580
35.44 172872
35.45 171696
35.46 174048
35.47 172284
35.48 187572
35.49 194628
35.5 187572
35.51 192864
35.52 194040
35.53 187572
35.54 199332
35.55 188160
35.56 176400
35.57 182868
35.58 179340
35.59 193452
35.6 194628
35.61 176400
35.62 172284
35.63 176400
35.64 177576
35.65 173460
35.66 158760
35.67 147000
35.68 129360
35.69 122304
35.7 146412
35.71 161112
35.72 142296
35.73 122892
35.74 121128
35.75 145236
35.76 142884
35.77 132300
35.78 119364
35.79 121716
35.8 131712
35.81 125832
35.82 148764
35.83 174636
35.84 169344
35.85 166404
35.86 144648
35.87 137004
35.88 152292
35.89 185220
35.9 199332
35.91 192864
35.92 179340
35.93 163464
35.94 147000
35.95 162876
35.96 181104
35.97 191688
35.98 180516
35.99 174636
36 176988
36.01 179928
36.02 194040
36.03 180516
36.04 171696
36.05 163464
36.06 164640
36.07 172872
36.08 173460
36.09 162876
36.1 173460
36.11 175224
36.12 166404
36.13 158760
36.14 141120
36.15 120540
36.16 146412
36.17 148764
36.18 153468
36.19 170520
36.2 159936
36.21 147588
36.22 138768
36.23 155820
36.24 142884
36.25 135240
36.26 161700
36.27 159936
36.28 162288
36.29 159936
36.3 138180
36.31 128184
36.32 158760
36.33 162876
36.34 176988
36.35 166992
36.36 164640
36.37 153468
36.38 162288
36.39 171696
36.4 184044
36.41 177576
36.42 189336
36.43 189924
36.44 178752
36.45 174048
36.46 176988
36.47 185220
36.48 196392
36.49 201096
36.5 176988
36.51 172284
36.52 182868
36.53 182868
36.54 181692
36.55 196980
36.56 194040
36.57 176400
36.58 176988
36.59 188160
36.6 180516
36.61 164052
36.62 158760
36.63 150528
36.64 154056
36.65 152292
36.66 152880
36.67 156408
36.68 142296
36.69 144648
36.7 129948
36.71 119952
36.72 112896
36.73 122304
36.74 142296
36.75 136416
36.76 123480
36.77 122892
36.78 131712
36.79 142296
36.8 139356
36.81 134064
36.82 139944
36.83 138768
36.84 143472
36.85 148764
36.86 140532
36.87 148764
36.88 144060
36.89 147000
36.9 153468
36.91 158172
36.92 174636
36.93 172284
36.94 155820
36.95 153468
36.96 164052
36.97 157584
36.98 159936
36.99 151704
37 158172
37.01 188160
37.02 202272
37.03 196392
37.04 174048
37.05 163464
37.06 147588
37.07 152292
37.08 160524
37.09 175224
37.1 175224
37.11 173460
37.12 178164
37.13 181104
37.14 172284
37.15 156408
37.16 195804
37.17 196392
37.18 201096
37.19 190512
37.2 182868
37.21 162288
37.22 169932
37.23 164052
37.24 165228
37.25 202860
37.26 211092
37.27 199920
37.28 186396
37.29 174048
37.3 175224
37.31 186396
37.32 186984
37.33 187572
37.34 182280
37.35 181104
37.36 178752
37.37 171108
37.38 196392
37.39 214032
37.4 206976
37.41 186396
37.42 176988
37.43 185808
37.44 167580
37.45 176400
37.46 199332
37.47 204036
37.48 202860
37.49 188748
37.5 188748
37.51 190512
37.52 184044
37.53 172284
37.54 188160
37.55 171696
37.56 169344
37.57 152880
37.58 157584
37.59 165228
37.6 184632
37.61 173460
37.62 168168
37.63 161700
37.64 169932
37.65 182280
37.66 182868
37.67 159348
37.68 141708
37.69 156996
37.7 160524
37.71 155820
37.72 161700
37.73 170520
37.74 180516
37.75 189336
37.76 182280
37.77 186396
37.78 193452
37.79 188748
37.8 158760
37.81 165816
37.82 169344
37.83 195804
37.84 209328
37.85 212268
37.86 238140
37.87 216972
37.88 190512
37.89 189924
37.9 185808
37.91 187572
37.92 190512
37.93 198156
37.94 195216
37.95 206388
37.96 209916
37.97 222264
37.98 236964
37.99 228144
38 216972
38.01 204036
38.02 187572
38.03 181104
38.04 168168
38.05 179340
38.06 194040
38.07 208740
38.08 215796
38.09 224028
38.1 201096
38.11 189336
38.12 184632
38.13 187572
38.14 190512
38.15 171696
38.16 179340
38.17 193452
38.18 191688
38.19 186984
38.2 176988
38.21 175224
38.22 176988
38.23 169932
38.24 174048
38.25 177576
38.26 178164
38.27 169932
38.28 154056
38.29 143472
38.3 147000
38.31 157584
38.32 176400
38.33 171108
38.34 170520
38.35 166404
38.36 144648
38.37 169344
38.38 170520
38.39 167580
38.4 148176
38.41 126420
38.42 130536
38.43 148764
38.44 175224
38.45 194628
38.46 188748
38.47 177576
38.48 167580
38.49 157584
38.5 156996
38.51 156408
38.52 161700
38.53 164052
38.54 171108
38.55 201684
38.56 204624
38.57 215208
38.58 189924
38.59 168756
38.6 173460
38.61 175224
38.62 180516
38.63 194040
38.64 190512
38.65 196980
38.66 199920
38.67 212856
38.68 206976
38.69 192276
38.7 185808
38.71 189336
38.72 177576
38.73 185220
38.74 188160
38.75 185808
38.76 179340
38.77 175812
38.78 192276
38.79 194040
38.8 186984
38.81 169932
38.82 156996
38.83 165228
38.84 145824
38.85 138768
38.86 155232
38.87 183456
38.88 185808
38.89 193452
38.9 175224
38.91 165816
38.92 136416
38.93 117012
38.94 142296
38.95 172284
38.96 178752
38.97 170520
38.98 161112
38.99 176400
39 179340
39.01 163464
39.02 158172
39.03 159936
39.04 169932
39.05 176400
39.06 173460
39.07 155232
39.08 158760
39.09 178752
39.1 191100
39.11 196392
39.12 195804
39.13 199920
39.14 199920
39.15 196392
39.16 195216
39.17 182280
39.18 169932
39.19 188160
39.2 195216
39.21 195804
39.22 214620
39.23 221088
39.24 209328
39.25 211680
39.26 190512
39.27 176400
39.28 161112
39.29 161112
39.3 172872
39.31 186984
39.32 180516
39.33 184044
39.34 183456
39.35 184632
39.36 171108
39.37 164052
39.38 168756
39.39 158172
39.4 149352
39.41 167580
39.42 166404
39.43 169344
39.44 165228
39.45 155232
39.46 168168
39.47 184632
39.48 171108
39.49 164640
39.5 168756
39.51 145824
39.52 142296
39.53 163464
39.54 156408
39.55 186396
39.56 184044
39.57 162876
39.58 156996
39.59 151704
39.6 149352
39.61 152292
39.62 179340
39.63 165228
39.64 154644
39.65 151116
39.66 154056
39.67 152880
39.68 165228
39.69 157584
39.7 154056
39.71 152880
39.72 156408
39.73 171108
39.74 170520
39.75 160524
39.76 150528
39.77 157584
39.78 160524
39.79 158760
39.8 190512
39.81 183456
39.82 176988
39.83 189336
39.84 186984
39.85 165816
39.86 149352
39.87 135240
39.88 130536
39.89 168168
39.9 186396
39.91 185808
39.92 168756
39.93 175224
39.94 159348
39.95 158172
39.96 175224
39.97 168168
39.98 138180
39.99 138768
40 146412
40.01 171108
40.02 179928
40.03 196392
40.04 179928
40.05 174048
40.06 154056
40.07 130536
40.08 142884
40.09 147588
40.1 149352
40.11 173460
40.12 185808
40.13 166992
40.14 149352
40.15 150528
40.16 148176
40.17 146412
40.18 161700
40.19 169932
40.2 182868
40.21 156408
40.22 151116
40.23 138180
40.24 147000
40.25 162288
40.26 168168
40.27 156996
40.28 154644
40.29 185220
40.3 183456
40.31 161112
40.32 145824
40.33 159936
40.34 175224
40.35 181104
40.36 184632
40.37 177576
40.38 164640
40.39 164052
40.4 166404
40.41 185808
40.42 187572
40.43 192276
40.44 189924
40.45 175224
40.46 165228
40.47 162876
40.48 155820
40.49 139944
40.5 153468
40.51 169932
40.52 191100
40.53 186984
40.54 175812
40.55 160524
40.56 148764
40.57 155820
40.58 161700
40.59 159348
40.6 157584
40.61 175812
40.62 175224
40.63 166992
40.64 152880
40.65 132888
40.66 150528
40.67 161700
40.68 178164
40.69 182868
40.7 176988
40.71 157584
40.72 132888
40.73 124656
40.74 145236
40.75 174636
40.76 181104
40.77 165816
40.78 165816
40.79 168756
40.8 153468
40.81 152880
40.82 158760
40.83 154644
40.84 172872
40.85 172872
40.86 182868
40.87 161700
40.88 159936
40.89 161700
40.9 182280
40.91 184632
40.92 175224
40.93 162288
40.94 154644
40.95 137004
40.96 154056
40.97 156996
40.98 174636
40.99 178752
41 167580
41.01 173460
41.02 172284
41.03 140532
41.04 146412
41.05 151704
41.06 149940
41.07 144060
41.08 159936
41.09 147588
41.1 155232
41.11 160524
41.12 147000
41.13 132300
41.14 128184
41.15 138180
41.16 156996
41.17 154644
41.18 157584
41.19 156408
41.2 149352
41.21 158172
41.22 147588
41.23 161700
41.24 169344
41.25 171108
41.26 165228
41.27 166404
41.28 171108
41.29 170520
41.3 168756
41.31 185220
41.32 172872
41.33 176988
41.34 174048
41.35 178752
41.36 205212
41.37 207564
41.38 194628
41.39 173460
41.4 159936
41.41 175812
41.42 181692
41.43 183456
41.44 174048
41.45 182868
41.46 174636
41.47 181692
41.48 178164
41.49 179928
41.5 196392
41.51 188160
41.52 172284
41.53 179928
41.54 161700
41.55 189336
41.56 214620
41.57 205800
41.58 191100
41.59 164640
41.6 161700
41.61 168168
41.62 162876
41.63 165228
41.64 188160
41.65 192864
41.66 195216
41.67 182868
41.68 168168
41.69 152292
41.7 148764
41.71 132300
41.72 138768
41.73 146412
41.74 142296
41.75 164052
41.76 165228
41.77 148176
41.78 148764
41.79 129360
41.8 149352
41.81 160524
41.82 159936
41.83 168756
41.84 168168
41.85 167580
41.86 152880
41.87 149940
41.88 158172
41.89 172872
41.9 176988
41.91 186396
41.92 180516
41.93 161112
41.94 165228
41.95 171696
41.96 177576
41.97 193452
41.98 181104
41.99 167580
42 158172
42.01 182280
42.02 198156
42.03 186396
42.04 185808
42.05 191100
42.06 177576
42.07 190512
42.08 190512
42.09 179928
42.1 196980
42.11 184044
42.12 172284
42.13 166992
42.14 173460
42.15 196392
42.16 212268
42.17 195216
42.18 189336
42.19 168168
42.2 150528
42.21 165816
42.22 178164
42.23 196980
42.24 195804
42.25 181104
42.26 179928
42.27 190512
42.28 203448
42.29 182868
42.3 184044
42.31 199332
42.32 192276
42.33 173460
42.34 158172
42.35 168168
42.36 184044
42.37 191688
42.38 209916
42.39 192276
42.4 169932
42.41 162288
42.42 152292
42.43 167580
42.44 184044
42.45 185220
42.46 160524
42.47 133476
42.48 139356
42.49 151116
42.5 160524
42.51 152880
42.52 157584
42.53 138768
42.54 129948
42.55 130536
42.56 145236
42.57 135828
42.58 148176
42.59 160524
42.6 182280
42.61 168756
42.62 172284
42.63 153468
42.64 136416
42.65 156996
42.66 185808
42.67 198156
42.68 198156
42.69 187572
42.7 172872
42.71 173460
42.72 174048
42.73 176988
42.74 174636
42.75 166992
42.76 173460
42.77 182280
42.78 188160
42.79 171696
42.8 164640
42.81 170520
42.82 156996
42.83 154056
42.84 161112
42.85 161112
42.86 161700
42.87 158760
42.88 151116
42.89 138180
42.9 145824
42.91 158172
42.92 168168
42.93 164640
42.94 145236
42.95 118776
42.96 151704
42.97 167580
42.98 167580
42.99 160524
43 177576
43.01 181692
43.02 165816
43.03 152292
43.04 170520
43.05 171696
43.06 175224
43.07 181692
43.08 182868
43.09 171696
43.1 169344
43.11 166992
43.12 188160
43.13 189336
43.14 189924
43.15 191100
43.16 173460
43.17 161112
43.18 135240
43.19 161112
43.2 160524
43.21 192864
43.22 205800
43.23 179928
43.24 175812
43.25 167580
43.26 161700
43.27 175224
43.28 186984
43.29 195804
43.3 184632
43.31 196980
43.32 186984
43.33 163464
43.34 158760
43.35 165816
43.36 156408
43.37 191688
43.38 185808
43.39 197568
43.4 192864
43.41 183456
43.42 173460
43.43 166404
43.44 165816
43.45 184632
43.46 191100
43.47 176988
43.48 179928
43.49 171696
43.5 171696
43.51 168756
43.52 157584
43.53 144060
43.54 166404
43.55 175224
43.56 184632
43.57 180516
43.58 177576
43.59 160524
43.6 165228
43.61 171108
43.62 158172
43.63 148176
43.64 164640
43.65 165228
43.66 142296
43.67 140532
43.68 136416
43.69 162876
43.7 158172
43.71 159936
43.72 155820
43.73 151704
43.74 152292
43.75 164052
43.76 175224
43.77 175812
43.78 163464
43.79 173460
43.8 168168
43.81 169344
43.82 176988
43.83 172284
43.84 182868
43.85 210504
43.86 201684
43.87 187572
43.88 178752
43.89 189924
43.9 204036
43.91 198156
43.92 204036
43.93 201096
43.94 206976
43.95 188160
43.96 171108
43.97 168168
43.98 196392
43.99 191688
44 188748
44.01 186396
44.02 186984
44.03 178752
44.04 184632
44.05 185220
44.06 188160
44.07 170520
44.08 157584
44.09 139944
44.1 155232
44.11 169344
44.12 154644
44.13 162876
44.14 172872
44.15 161112
44.16 151116
44.17 139944
44.18 131124
44.19 122892
44.2 136416
44.21 139944
44.22 162288
44.23 168756
44.24 156996
44.25 150528
44.26 158760
44.27 155820
44.28 138768
44.29 137592
44.3 153468
44.31 152880
44.32 156996
44.33 163464
44.34 185808
44.35 178752
44.36 195216
44.37 186396
44.38 175224
44.39 164052
44.4 156408
44.41 179928
44.42 182280
44.43 188160
44.44 190512
44.45 198744
44.46 198156
44.47 187572
44.48 195216
44.49 187572
44.5 165228
44.51 152880
44.52 143472
44.53 174636
44.54 178752
44.55 172284
44.56 165228
44.57 154644
44.58 138768
44.59 129360
44.6 145236
44.61 157584
44.62 154644
44.63 159936
44.64 169932
44.65 158172
44.66 158172
44.67 148176
44.68 144060
44.69 139944
44.7 155820
44.71 168168
44.72 170520
44.73 159936
44.74 161700
44.75 167580
44.76 174048
44.77 159936
44.78 151704
44.79 152880
44.8 153468
44.81 164052
44.82 169344
44.83 184044
44.84 168168
44.85 165228
44.86 167580
44.87 184632
44.88 176988
44.89 182280
44.9 173460
44.91 184632
44.92 186984
44.93 189336
44.94 180516
44.95 156408
44.96 168756
44.97 165816
44.98 167580
44.99 168756
45 170520
45.01 170520
45.02 166992
45.03 170520
45.04 165816
45.05 140532
45.06 129360
45.07 147588
45.08 154644
45.09 157584
45.1 179928
45.11 173460
45.12 170520
45.13 156408
45.14 144648
45.15 150528
45.16 170520
45.17 174048
45.18 165816
45.19 167580
45.2 164640
45.21 161700
45.22 150528
45.23 168168
45.24 152880
45.25 161700
45.26 155232
45.27 169932
45.28 178752
45.29 161700
45.3 151116
45.31 143472
45.32 151704
45.33 174048
45.34 175812
45.35 205800
45.36 191688
45.37 172872
45.38 147000
45.39 143472
45.4 156996
45.41 157584
45.42 184044
45.43 183456
45.44 191688
45.45 198156
45.46 189924
45.47 180516
45.48 175812
45.49 175812
45.5 163464
45.51 165228
45.52 186984
45.53 190512
45.54 200508
45.55 205212
45.56 188160
45.57 182280
45.58 207564
45.59 199332
45.6 186984
45.61 188160
45.62 171696
45.63 184632
45.64 195216
45.65 191100
45.66 204624
45.67 195216
45.68 177576
45.69 172872
45.7 182868
45.71 194040
45.72 179928
45.73 175812
45.74 146412
45.75 142884
45.76 142884
45.77 138180
45.78 152292
45.79 152880
45.8 141708
45.81 139356
45.82 125244
45.83 132300
45.84 133476
45.85 138768
45.86 133476
45.87 124068
45.88 138180
45.89 139356
45.9 129948
45.91 125244
45.92 140532
45.93 145824
45.94 142296
45.95 138768
45.96 122304
45.97 127596
45.98 131124
45.99 156408
46 161112
46.01 154644
46.02 150528
46.03 147000
46.04 165228
46.05 170520
46.06 160524
46.07 169932
46.08 170520
46.09 162876
46.1 182868
46.11 185808
46.12 196980
46.13 188748
46.14 191688
46.15 212856
46.16 221088
46.17 205212
46.18 197568
46.19 207564
46.2 202860
46.21 198156
46.22 222264
46.23 219324
46.24 215796
46.25 216972
46.26 216384
46.27 214032
46.28 211092
46.29 195804
46.3 196980
46.31 211092
46.32 208740
46.33 198744
46.34 182868
46.35 174048
46.36 192276
46.37 209328
46.38 205212
46.39 189336
46.4 171696
46.41 177576
46.42 184632
46.43 175224
46.44 178164
46.45 174636
46.46 184044
46.47 182280
46.48 181692
46.49 165816
46.5 172872
46.51 181692
46.52 179340
46.53 184632
46.54 168756
46.55 168756
46.56 188748
46.57 175812
46.58 162876
46.59 171108
46.6 173460
46.61 160524
46.62 171108
46.63 169932
46.64 156408
46.65 156996
46.66 174048
46.67 162288
46.68 163464
46.69 145236
46.7 177576
46.71 189336
46.72 188160
46.73 181104
46.74 175224
46.75 155820
46.76 157584
46.77 165228
46.78 178164
46.79 176988
46.8 197568
46.81 192864
46.82 184632
46.83 192864
46.84 184044
46.85 170520
46.86 179928
46.87 178752
46.88 175812
46.89 167580
46.9 170520
46.91 193452
46.92 185220
46.93 185220
46.94 173460
46.95 160524
46.96 160524
46.97 162288
46.98 159936
46.99 167580
47 171108
47.01 189336
47.02 185808
47.03 177576
47.04 156996
47.05 148176
47.06 148176
47.07 162288
47.08 160524
47.09 151704
47.1 146412
47.11 155820
47.12 159936
47.13 159348
47.14 162288
47.15 162288
47.16 146412
47.17 169932
47.18 174048
47.19 164052
47.2 158760
47.21 165816
47.22 165816
47.23 172872
47.24 170520
47.25 159348
47.26 161700
47.27 177576
47.28 160524
47.29 163464
47.3 192864
47.31 196392
47.32 176400
47.33 155232
47.34 128184
47.35 147000
47.36 164052
47.37 174636
47.38 180516
47.39 169344
47.4 178752
47.41 172872
47.42 172284
47.43 175224
47.44 154056
47.45 141120
47.46 148176
47.47 156408
47.48 156996
47.49 172284
47.5 183456
47.51 176988
47.52 150528
47.53 137592
47.54 145824
47.55 139356
47.56 147588
47.57 148764
47.58 163464
47.59 161700
47.6 159348
47.61 158760
47.62 157584
47.63 152880
47.64 145236
47.65 151116
47.66 148176
47.67 156408
47.68 166404
47.69 158172
47.7 152292
47.71 172284
47.72 182280
47.73 187572
47.74 200508
47.75 185220
47.76 173460
47.77 170520
47.78 155232
47.79 158172
47.8 150528
47.81 184044
47.82 196392
47.83 192864
47.84 178164
47.85 194040
47.86 193452
47.87 170520
47.88 170520
47.89 172284
47.9 177576
47.91 182280
47.92 181692
47.93 190512
47.94 179340
47.95 176988
47.96 185220
47.97 177576
47.98 180516
47.99 168756
48 172872
48.01 164640
48.02 158760
48.03 166404
48.04 164640
48.05 149352
48.06 151704
48.07 141120
48.08 144060
48.09 182868
48.1 177576
48.11 165816
48.12 158760
48.13 139356
48.14 121128
48.15 96432
48.16 128184
48.17 150528
48.18 179928
48.19 186984
48.2 179928
48.21 141708
48.22 128772
48.23 134652
48.24 125244
48.25 149940
48.26 170520
48.27 166404
48.28 178752
48.29 181104
48.3 169932
48.31 162288
48.32 152292
48.33 155820
48.34 145824
48.35 142296
48.36 151116
48.37 154644
48.38 168756
48.39 177576
48.4 169932
48.41 150528
48.42 149352
48.43 138768
48.44 137004
48.45 151116
48.46 161112
48.47 179928
48.48 157584
48.49 149352
48.5 160524
48.51 148176
48.52 159348
48.53 172872
48.54 178752
48.55 165816
48.56 171108
48.57 155820
48.58 159348
48.59 171108
48.6 186984
48.61 185220
48.62 188748
48.63 190512
48.64 168168
48.65 171108
48.66 151704
48.67 152292
48.68 148764
48.69 141120
48.7 164052
48.71 160524
48.72 158760
48.73 158760
48.74 150528
48.75 144648
48.76 141708
48.77 165816
48.78 151116
48.79 155232
48.8 139356
48.81 134652
48.82 141120
48.83 137004
48.84 150528
48.85 156996
48.86 159348
48.87 161700
48.88 155820
48.89 166404
48.9 174048
48.91 174048
48.92 179928
48.93 155232
48.94 154644
48.95 159936
48.96 161112
48.97 174636
48.98 181692
48.99 194040
49 191688
49.01 181104
49.02 177576
49.03 164640
49.04 181104
49.05 180516
49.06 175812
49.07 165228
49.08 178752
49.09 194040
49.1 183456
49.11 185808
49.12 159936
49.13 148176
49.14 175812
49.15 181104
49.16 159348
49.17 157584
49.18 159936
49.19 163464
49.2 164640
49.21 154644
49.22 147000
49.23 150528
49.24 137004
49.25 156408
49.26 151704
49.27 135240
49.28 119364
49.29 122304
49.3 126420
49.31 122304
49.32 123480
49.33 135828
49.34 128772
49.35 141708
49.36 149352
49.37 118188
49.38 121128
49.39 119364
49.4 129948
49.41 151116
49.42 147000
49.43 150528
49.44 147000
49.45 148764
49.46 148764
49.47 154644
49.48 160524
49.49 168756
49.5 171108
49.51 176400
49.52 168756
49.53 172284
49.54 178164
49.55 198744
49.56 202860
49.57 207564
49.58 198744
49.59 168168
49.6 157584
49.61 164640
49.62 184044
49.63 179928
49.64 194628
49.65 194040
49.66 172284
49.67 161700
49.68 161700
49.69 161112
49.7 161112
49.71 162876
49.72 152292
49.73 137004
49.74 133476
49.75 131124
49.76 153468
49.77 164052
49.78 169344
49.79 155232
49.8 161112
49.81 152880
49.82 127596
49.83 118776
49.84 116424
49.85 122304
49.86 141708
49.87 154056
49.88 162288
49.89 164052
49.9 159936
49.91 159936
49.92 142884
49.93 132300
49.94 131712
49.95 136416
49.96 168168
49.97 180516
49.98 198156
49.99 197568
