0.01 0
0.02 0
0.03 0
0.04 0
0.05 0
0.06 0
0.07 0
0.08 0
0.09 0
0.1 0
0.11 0
0.12 0
0.13 0
0.14 0
0.15 0
0.16 0
0.17 0
0.18 0
0.19 0
0.2 0
0.21 0
0.22 0
0.23 0
0.24 0
0.25 0
0.26 0
0.27 0
0.28 31164
0.29 0
0.3 0
0.31 0
0.32 18228
0.33 74088
0.34 119364
0.35 83496
0.36 133476
0.37 188160
0.38 241080
0.39 295764
0.4 351624
0.41 387492
0.42 417480
0.43 422772
0.44 415128
0.45 412776
0.46 413364
0.47 424536
0.48 448056
0.49 466872
0.5 482160
0.51 479220
0.52 463344
0.53 435708
0.54 407484
0.55 359268
0.56 334572
0.57 321636
0.58 306348
0.59 279300
0.6 265188
0.61 279888
0.62 301056
0.63 322224
0.64 338100
0.65 363972
0.66 351624
0.67 348096
0.68 329868
0.69 326928
0.7 330456
0.71 345744
0.72 363384
0.73 376320
0.74 388668
0.75 398076
0.76 409836
0.77 436884
0.78 494508
0.79 499212
0.8 499212
0.81 499800
0.82 499212
0.83 499212
0.84 499800
0.85 499212
0.86 499212
0.87 499800
0.88 499212
0.89 499212
0.9 499800
0.91 499212
0.92 499212
0.93 499800
0.94 499212
0.95 499212
0.96 499800
0.97 499212
0.98 499212
0.99 456288
1 409836
1.01 361032
1.02 315756
1.03 292824
1.04 308112
1.05 336924
1.06 365736
1.07 388080
1.08 411600
1.09 425712
1.1 431004
1.11 447468
1.12 459816
1.13 499212
1.14 455700
1.15 415716
1.16 381024
1.17 343392
1.18 307524
1.19 263424
1.2 216972
1.21 184044
1.22 162288
1.23 125244
1.24 120540
1.25 108780
1.26 97608
1.27 92316
1.28 94080
1.29 94668
1.3 95844
1.31 95844
1.32 95256
1.33 95256
1.34 97020
1.35 95256
1.36 97020
1.37 98784
1.38 98196
1.39 98196
1.4 98784
1.41 98784
1.42 99372
1.43 101724
1.44 102312
1.45 102900
1.46 103488
1.47 102900
1.48 103488
1.49 104664
1.5 105252
1.51 105840
1.52 107604
1.53 107604
1.54 107604
1.55 108192
1.56 108780
1.57 109368
1.58 110544
1.59 111132
1.6 111132
1.61 111720
1.62 111720
1.63 112308
1.64 113484
1.65 114072
1.66 115248
1.67 115836
1.68 115248
1.69 115836
1.7 117600
1.71 117600
1.72 118776
1.73 119364
1.74 119364
1.75 119364
1.76 119364
1.77 119952
1.78 120540
1.79 121128
1.8 122892
1.81 124068
1.82 123480
1.83 123480
1.84 123480
1.85 125244
1.86 125832
1.87 127596
1.88 127008
1.89 128184
1.9 128184
1.91 128184
1.92 128772
1.93 131124
1.94 131124
1.95 132300
1.96 132888
1.97 132300
1.98 132888
1.99 133476
2 134064
2.01 135240
2.02 137004
2.03 137592
2.04 137592
2.05 138180
2.06 138180
2.07 138180
2.08 141120
2.09 141708
2.1 143472
2.11 144060
2.12 143472
2.13 111132
2.14 73500
2.15 51156
2.16 49392
2.17 51156
2.18 51156
2.19 45276
2.2 2352
2.21 1764
2.22 3528
2.23 5292
2.24 5880
2.25 7056
2.26 8232
2.27 8820
2.28 8820
2.29 11172
2.3 11760
2.31 13524
2.32 14700
2.33 15288
2.34 15876
2.35 17052
2.36 18228
2.37 21168
2.38 22932
2.39 22932
2.4 25284
2.41 25284
2.42 28812
2.43 31752
2.44 32928
2.45 32928
2.46 35280
2.47 35280
2.48 45864
2.49 46452
2.5 47628
2.51 47628
2.52 48804
2.53 48804
2.54 57036
2.55 69384
2.56 71148
2.57 71736
2.58 72912
2.59 72324
2.6 75852
2.61 108192
2.62 112308
2.63 114072
2.64 115248
2.65 115248
2.66 115836
2.67 124656
2.68 145236
2.69 192276
2.7 194040
2.71 194040
2.72 194628
2.73 195216
2.74 197568
2.75 209916
2.76 227556
2.77 252840
2.78 289884
2.79 321048
2.8 321048
2.81 322224
2.82 322812
2.83 322224
2.84 322224
2.85 322812
2.86 322224
2.87 323400
2.88 323988
2.89 323988
2.9 324576
2.91 326340
2.92 327516
2.93 327516
2.94 328104
2.95 328104
2.96 328104
2.97 328104
2.98 328692
2.99 328692
3 329280
3.01 329868
3.02 331632
3.03 332220
3.04 333396
3.05 333984
3.06 333984
3.07 333984
3.08 334572
3.09 334572
3.1 334572
3.11 335748
3.12 335160
3.13 335748
3.14 337512
3.15 338100
3.16 338688
3.17 339276
3.18 339276
3.19 339276
3.2 339864
3.21 340452
3.22 341040
3.23 341628
3.24 341040
3.25 342216
3.26 343980
3.27 344568
3.28 344568
3.29 345156
3.3 344568
3.31 345156
3.32 346332
3.33 346332
3.34 346920
3.35 347508
3.36 348096
3.37 348684
3.38 350448
3.39 350448
3.4 350448
3.41 351036
3.42 350448
3.43 351036
3.44 352212
3.45 352800
3.46 352800
3.47 353388
3.48 353976
3.49 354564
3.5 355740
3.51 355152
3.52 355740
3.53 356328
3.54 355740
3.55 355740
3.56 357504
3.57 358092
3.58 358092
3.59 358680
3.6 359856
3.61 361620
3.62 361032
3.63 361032
3.64 361620
3.65 361032
3.66 361032
3.67 361620
3.68 361620
3.69 363384
3.7 363972
3.71 363972
3.72 365148
3.73 366324
3.74 366324
3.75 366324
3.76 366912
3.77 366324
3.78 366324
3.79 366912
3.8 367500
3.81 368088
3.82 369264
3.83 369264
3.84 369852
3.85 371028
3.86 371616
3.87 371616
3.88 372204
3.89 371616
3.9 371616
3.91 372204
3.92 373380
3.93 373968
3.94 374556
3.95 374556
3.96 375144
3.97 376320
3.98 375732
3.99 376320
4 377496
4.01 376908
4.02 376908
4.03 377496
4.04 378084
4.05 379260
4.06 380436
4.07 380436
4.08 380436
4.09 382200
4.1 381612
4.11 381612
4.12 382788
4.13 382200
4.14 382788
4.15 382788
4.16 382200
4.17 377496
4.18 358680
4.19 359268
4.2 359856
4.21 360444
4.22 360444
4.23 361032
4.24 360444
4.25 361032
4.26 361620
4.27 361032
4.28 361620
4.29 363384
4.3 363972
4.31 364560
4.32 365148
4.33 365736
4.34 365736
4.35 366324
4.36 365736
4.37 366324
4.38 366912
4.39 366324
4.4 366912
4.41 368676
4.42 369264
4.43 370440
4.44 371028
4.45 371028
4.46 371028
4.47 372204
4.48 371616
4.49 371028
4.5 372204
4.51 371616
4.52 371616
4.53 371616
4.54 372204
4.55 373380
4.56 373968
4.57 373968
4.58 373968
4.59 374556
4.6 373968
4.61 371616
4.62 337512
4.63 309876
4.64 285768
4.65 276948
4.66 277536
4.67 278712
4.68 279300
4.69 262836
4.7 238728
4.71 239316
4.72 238728
4.73 239316
4.74 237552
4.75 226380
4.76 226968
4.77 227556
4.78 228732
4.79 229320
4.8 229320
4.81 229320
4.82 229908
4.83 217560
4.84 218148
4.85 218736
4.86 218736
4.87 219912
4.88 220500
4.89 221088
4.9 221088
4.91 222264
4.92 222264
4.93 224028
4.94 224616
4.95 224616
4.96 225792
4.97 219912
4.98 209328
4.99 205800
5 192864
5.01 185808
5.02 188160
5.03 188748
5.04 188748
5.05 189336
5.06 190512
5.07 189924
5.08 189924
5.09 190512
5.1 191688
5.11 193452
5.12 194040
5.13 193452
5.14 195216
5.15 195804
5.16 195216
5.17 195216
5.18 195804
5.19 197568
5.2 198744
5.21 199920
5.22 199332
5.23 200508
5.24 201096
5.25 200508
5.26 200508
5.27 201096
5.28 202272
5.29 203448
5.3 204624
5.31 204624
5.32 205212
5.33 206388
5.34 206388
5.35 206388
5.36 206388
5.37 206976
5.38 208740
5.39 208740
5.4 209328
5.41 210504
5.42 211092
5.43 211680
5.44 212268
5.45 211680
5.46 212268
5.47 214620
5.48 210504
5.49 209328
5.5 210504
5.51 209916
5.52 211092
5.53 211680
5.54 211092
5.55 211680
5.56 210504
5.57 191688
5.58 192864
5.59 194040
5.6 193452
5.61 193452
5.62 194628
5.63 194040
5.64 194040
5.65 196392
5.66 196980
5.67 198744
5.68 199920
5.69 199332
5.7 199332
5.71 199920
5.72 199920
5.73 200508
5.74 202272
5.75 202860
5.76 204036
5.77 205800
5.78 205212
5.79 205212
5.8 205800
5.81 205800
5.82 206388
5.83 208152
5.84 209328
5.85 209916
5.86 211092
5.87 211092
5.88 211092
5.89 212268
5.9 211680
5.91 212268
5.92 213444
5.93 214032
5.94 215208
5.95 215208
5.96 215796
5.97 216384
5.98 216384
5.99 217560
6 218736
6.01 218736
6.02 219912
6.03 221088
6.04 221088
6.05 221676
6.06 222264
6.07 221676
6.08 222852
6.09 224028
6.1 224028
6.11 224616
6.12 225792
6.13 225792
6.14 225792
6.15 226968
6.16 226380
6.17 226968
6.18 229908
6.19 229320
6.2 229908
6.21 231084
6.22 230496
6.23 231084
6.24 231672
6.25 231084
6.26 231672
6.27 234024
6.28 234612
6.29 234612
6.3 235788
6.31 235788
6.32 236376
6.33 236964
6.34 236376
6.35 236376
6.36 237552
6.37 239316
6.38 239316
6.39 240492
6.4 240492
6.41 241668
6.42 242844
6.43 242256
6.44 242256
6.45 242844
6.46 244020
6.47 245196
6.48 245784
6.49 245784
6.5 245784
6.51 248136
6.52 247548
6.53 247548
6.54 248136
6.55 247548
6.56 248724
6.57 249312
6.58 250488
6.59 250488
6.6 250488
6.61 252252
6.62 253428
6.63 252840
6.64 252840
6.65 253428
6.66 254016
6.67 255192
6.68 256368
6.69 256368
6.7 252840
6.71 245784
6.72 245784
6.73 245784
6.74 245784
6.75 245196
6.76 246372
6.77 248136
6.78 247548
6.79 238140
6.8 236376
6.81 236376
6.82 236964
6.83 237552
6.84 216972
6.85 211680
6.86 212856
6.87 214032
6.88 214620
6.89 215208
6.9 215796
6.91 191688
6.92 166992
6.93 166404
6.94 166404
6.95 168168
6.96 168756
6.97 169344
6.98 170520
6.99 170520
7 171696
7.01 172284
7.02 172284
7.03 172872
7.04 174048
7.05 174636
7.06 175224
7.07 176400
7.08 176400
7.09 176988
7.1 178752
7.11 178164
7.12 179340
7.13 181104
7.14 180516
7.15 181104
7.16 181692
7.17 182280
7.18 182868
7.19 184044
7.2 184632
7.21 185808
7.22 186396
7.23 186984
7.24 187572
7.25 187572
7.26 187572
7.27 188748
7.28 188748
7.29 189336
7.3 189924
7.31 190512
7.32 191100
7.33 192276
7.34 191688
7.35 191688
7.36 194040
7.37 193452
7.38 193452
7.39 194628
7.4 194628
7.41 195804
7.42 196392
7.43 194628
7.44 162288
7.45 164052
7.46 164640
7.47 164640
7.48 165816
7.49 166404
7.5 167580
7.51 168168
7.52 162288
7.53 163464
7.54 164640
7.55 164640
7.56 164640
7.57 166404
7.58 166992
7.59 166992
7.6 168756
7.61 168168
7.62 169932
7.63 170520
7.64 170520
7.65 171696
7.66 173460
7.67 172872
7.68 174048
7.69 174636
7.7 174636
7.71 175812
7.72 176988
7.73 176400
7.74 177576
7.75 178164
7.76 178164
7.77 179340
7.78 179928
7.79 180516
7.8 181692
7.81 182280
7.82 182868
7.83 184044
7.84 184044
7.85 184044
7.86 185808
7.87 185808
7.88 186396
7.89 188748
7.9 188160
7.91 188748
7.92 189924
7.93 189924
7.94 190512
7.95 191688
7.96 192276
7.97 192864
7.98 194628
7.99 194040
8 195216
8.01 195804
8.02 195216
8.03 195804
8.04 196980
8.05 196980
8.06 197568
8.07 198744
8.08 198744
8.09 199920
8.1 200508
8.11 199920
8.12 201684
8.13 202272
8.14 202272
8.15 202860
8.16 204036
8.17 203448
8.18 204036
8.19 205212
8.2 204624
8.21 205800
8.22 205212
8.23 202860
8.24 188160
8.25 182868
8.26 182868
8.27 183456
8.28 172284
8.29 165816
8.3 166992
8.31 168168
8.32 168756
8.33 169344
8.34 169932
8.35 148176
8.36 148176
8.37 148764
8.38 149352
8.39 150528
8.4 151116
8.41 151704
8.42 153468
8.43 152880
8.44 153468
8.45 155232
8.46 155232
8.47 156408
8.48 156996
8.49 156996
8.5 157584
8.51 158760
8.52 158172
8.53 159348
8.54 159936
8.55 160524
8.56 161112
8.57 162288
8.58 162288
8.59 162876
8.6 164052
8.61 164640
8.62 164052
8.63 162288
8.64 162288
8.65 162876
8.66 164052
8.67 164052
8.68 151704
8.69 138180
8.7 138180
8.71 138180
8.72 140532
8.73 139944
8.74 140532
8.75 141708
8.76 142296
8.77 142884
8.78 144060
8.79 144060
8.8 144648
8.81 146412
8.82 146412
8.83 147000
8.84 148764
8.85 148176
8.86 149352
8.87 150528
8.88 150528
8.89 151704
8.9 152880
8.91 152880
8.92 154056
8.93 154644
8.94 155232
8.95 155820
8.96 156408
8.97 156408
8.98 157584
8.99 157584
9 158760
9.01 159348
9.02 160524
9.03 160524
9.04 162288
9.05 161700
9.06 163464
9.07 164052
9.08 164640
9.09 164640
9.1 166404
9.11 166404
9.12 166992
9.13 168168
9.14 168756
9.15 169344
9.16 170520
9.17 170520
9.18 171108
9.19 172872
9.2 172284
9.21 172872
9.22 174636
9.23 174636
9.24 174636
9.25 176400
9.26 175812
9.27 176988
9.28 178752
9.29 178752
9.3 178752
9.31 180516
9.32 180516
9.33 181104
9.34 182280
9.35 182280
9.36 183456
9.37 184044
9.38 184044
9.39 184044
9.4 185808
9.41 185220
9.42 185808
9.43 186984
9.44 186984
9.45 188748
9.46 189336
9.47 189336
9.48 189924
9.49 191100
9.5 191100
9.51 192276
9.52 193452
9.53 192864
9.54 194040
9.55 195216
9.56 195216
9.57 196392
9.58 196392
9.59 197568
9.6 197568
9.61 197568
9.62 197568
9.63 199332
9.64 199920
9.65 199920
9.66 201684
9.67 201684
9.68 202860
9.69 204036
9.7 203448
9.71 203448
9.72 204624
9.73 205212
9.74 205212
9.75 205800
9.76 206388
9.77 206976
9.78 207564
9.79 208152
9.8 208152
9.81 209328
9.82 210504
9.83 210504
9.84 211092
9.85 211680
9.86 212856
9.87 214032
9.88 214032
9.89 214032
9.9 215208
9.91 215208
9.92 215796
9.93 216384
9.94 216384
9.95 216972
9.96 218148
9.97 219324
9.98 219324
9.99 220500
10 219912
10.01 221088
10.02 222264
10.03 222264
10.04 222852
10.05 223440
10.06 224028
10.07 224616
10.08 225792
10.09 225204
10.1 225792
10.11 227556
10.12 226968
10.13 228144
10.14 228732
10.15 229320
10.16 230496
10.17 230496
10.18 231084
10.19 231084
10.2 232260
10.21 232848
10.22 234024
10.23 234024
10.24 234024
10.25 235200
10.26 214620
10.27 211092
10.28 206388
10.29 206388
10.3 206976
10.31 208152
10.32 208740
10.33 209328
10.34 209916
10.35 210504
10.36 211092
10.37 212268
10.38 212268
10.39 212856
10.4 214032
10.41 214032
10.42 214620
10.43 215796
10.44 216384
10.45 216972
10.46 218148
10.47 218148
10.48 218148
10.49 218736
10.5 218148
10.51 219324
10.52 220500
10.53 219912
10.54 220500
10.55 222264
10.56 222264
10.57 223440
10.58 224028
10.59 224028
10.6 224616
10.61 225792
10.62 225204
10.63 225204
10.64 226380
10.65 227556
10.66 227556
10.67 228732
10.68 229320
10.69 229908
10.7 231084
10.71 230496
10.72 231084
10.73 232260
10.74 232260
10.75 232848
10.76 232848
10.77 233436
10.78 234612
10.79 234612
10.8 235200
10.81 236376
10.82 236376
10.83 236964
10.84 238140
10.85 238140
10.86 238728
10.87 239904
10.88 239904
10.89 240492
10.9 241668
10.91 241668
10.92 242256
10.93 243432
10.94 243432
10.95 243432
10.96 245196
10.97 245784
10.98 245784
10.99 246960
11 246960
11.01 246960
11.02 248724
11.03 248724
11.04 249312
11.05 250488
11.06 250488
11.07 251076
11.08 252252
11.09 252252
11.1 252840
11.11 254016
11.12 254016
11.13 255192
11.14 255780
11.15 255192
11.16 255780
11.17 256956
11.18 256368
11.19 257544
11.2 258720
11.21 258720
11.22 259308
11.23 261072
11.24 260484
11.25 260484
11.26 261660
11.27 261660
11.28 262248
11.29 263424
11.3 263424
11.31 263424
11.32 264012
11.33 264600
11.34 248136
11.35 229320
11.36 229908
11.37 230496
11.38 231084
11.39 232260
11.4 233436
11.41 233436
11.42 233436
11.43 235200
11.44 234612
11.45 234612
11.46 235788
11.47 235788
11.48 236376
11.49 238140
11.5 238140
11.51 238140
11.52 239316
11.53 239316
11.54 238728
11.55 239316
11.56 239316
11.57 239316
11.58 239904
11.59 240492
11.6 240492
11.61 241668
11.62 241668
11.63 224616
11.64 226380
11.65 225792
11.66 225204
11.67 226380
11.68 225792
11.69 226380
11.7 228144
11.71 228144
11.72 228732
11.73 217560
11.74 202860
11.75 202860
11.76 194628
11.77 194040
11.78 194628
11.79 195804
11.8 195804
11.81 196392
11.82 197568
11.83 198744
11.84 180516
11.85 176400
11.86 175224
11.87 176400
11.88 177576
11.89 177576
11.9 178164
11.91 179340
11.92 180516
11.93 181104
11.94 181692
11.95 181104
11.96 181692
11.97 182868
11.98 182868
11.99 184044
12 185220
12.01 185808
12.02 182868
12.03 165816
12.04 164640
12.05 152292
12.06 152880
12.07 153468
12.08 154644
12.09 155820
12.1 156408
12.11 156996
12.12 156408
12.13 156996
12.14 158172
12.15 157584
12.16 158172
12.17 160524
12.18 159936
12.19 161112
12.2 162288
12.21 162288
12.22 163464
12.23 164052
12.24 164052
12.25 164052
12.26 166404
12.27 166404
12.28 166992
12.29 168168
12.3 168168
12.31 169344
12.32 170520
12.33 169932
12.34 170520
12.35 172284
12.36 172284
12.37 172284
12.38 174048
12.39 174636
12.4 175224
12.41 175812
12.42 175224
12.43 175812
12.44 177576
12.45 176988
12.46 177576
12.47 178164
12.48 178752
12.49 180516
12.5 181104
12.51 180516
12.52 181104
12.53 182280
12.54 182280
12.55 182280
12.56 182868
12.57 184044
12.58 185220
12.59 185808
12.6 186984
12.61 185808
12.62 184632
12.63 179340
12.64 175812
12.65 175812
12.66 177576
12.67 179340
12.68 178752
12.69 179340
12.7 170520
12.71 170520
12.72 170520
12.73 171696
12.74 171696
12.75 172872
12.76 173460
12.77 174048
12.78 175224
12.79 176400
12.8 175812
12.81 176400
12.82 176988
12.83 177576
12.84 177576
12.85 179928
12.86 179340
12.87 181104
12.88 182280
12.89 182280
12.9 182280
12.91 183456
12.92 183456
12.93 183456
12.94 185220
12.95 185808
12.96 185808
12.97 187572
12.98 187572
12.99 187572
13 189336
13.01 189336
13.02 189336
13.03 190512
13.04 190512
13.05 191100
13.06 192864
13.07 192864
13.08 193452
13.09 194040
13.1 194628
13.11 195216
13.12 196980
13.13 196392
13.14 197568
13.15 198744
13.16 198744
13.17 199332
13.18 199920
13.19 200508
13.2 179928
13.21 181104
13.22 181104
13.23 182868
13.24 182280
13.25 183456
13.26 184632
13.27 184044
13.28 185220
13.29 186984
13.3 186984
13.31 187572
13.32 188748
13.33 188748
13.34 189336
13.35 190512
13.36 190512
13.37 182868
13.38 183456
13.39 183456
13.4 184044
13.41 184632
13.42 185220
13.43 185808
13.44 186984
13.45 187572
13.46 186396
13.47 187572
13.48 187572
13.49 188160
13.5 188748
13.51 188748
13.52 189924
13.53 189924
13.54 190512
13.55 191100
13.56 192864
13.57 192864
13.58 193452
13.59 194040
13.6 194040
13.61 195216
13.62 195804
13.63 195804
13.64 186396
13.65 187572
13.66 188160
13.67 188160
13.68 188748
13.69 189924
13.7 172284
13.71 172872
13.72 171108
13.73 171108
13.74 172284
13.75 172872
13.76 172872
13.77 173460
13.78 174636
13.79 174636
13.8 175224
13.81 176400
13.82 176988
13.83 176988
13.84 178164
13.85 178752
13.86 179340
13.87 180516
13.88 181104
13.89 182280
13.9 182280
13.91 183456
13.92 184044
13.93 184044
13.94 185808
13.95 185808
13.96 186396
13.97 187572
13.98 187572
13.99 187572
14 189336
14.01 189336
14.02 189336
14.03 191100
14.04 191688
14.05 191688
14.06 192864
14.07 192864
14.08 192864
14.09 194040
14.1 194040
14.11 194040
14.12 195216
14.13 196392
14.14 196392
14.15 198156
14.16 197568
14.17 195804
14.18 196980
14.19 197568
14.2 197568
14.21 198744
14.22 199920
14.23 199920
14.24 201096
14.25 172872
14.26 164640
14.27 165228
14.28 165816
14.29 166404
14.3 167580
14.31 168168
14.32 168756
14.33 169932
14.34 169932
14.35 170520
14.36 171108
14.37 171696
14.38 172284
14.39 174048
14.4 174636
14.41 175224
14.42 175812
14.43 176400
14.44 177576
14.45 176988
14.46 177576
14.47 178164
14.48 178752
14.49 179928
14.5 181104
14.51 181104
14.52 181692
14.53 183456
14.54 182868
14.55 183456
14.56 184632
14.57 185808
14.58 185808
14.59 186984
14.6 187572
14.61 187572
14.62 188748
14.63 188748
14.64 188748
14.65 189924
14.66 190512
14.67 191100
14.68 192864
14.69 192864
14.7 192864
14.71 194040
14.72 194628
14.73 194628
14.74 195804
14.75 196392
14.76 196980
14.77 197568
14.78 197568
14.79 197568
14.8 198156
14.81 198744
14.82 198744
14.83 199332
14.84 199920
14.85 200508
14.86 201096
14.87 201684
14.88 201684
14.89 201684
14.9 202272
14.91 202860
14.92 204036
14.93 204624
14.94 198744
14.95 199332
14.96 199332
14.97 199920
14.98 199920
14.99 201096
15 187572
15.01 176400
15.02 176988
15.03 164640
15.04 164640
15.05 162288
15.06 142296
15.07 130536
15.08 120540
15.09 122304
15.1 122892
15.11 123480
15.12 125244
15.13 112896
15.14 114072
15.15 114660
15.16 114660
15.17 115836
15.18 117012
15.19 117600
15.2 118188
15.21 119364
15.22 119364
15.23 119364
15.24 121716
15.25 121716
15.26 122304
15.27 123480
15.28 123480
15.29 124656
15.3 125832
15.31 126420
15.32 127008
15.33 128184
15.34 128184
15.35 128772
15.36 129948
15.37 129360
15.38 129948
15.39 131124
15.4 132300
15.41 132888
15.42 133476
15.43 133476
15.44 134064
15.45 134652
15.46 135240
15.47 136416
15.48 138180
15.49 137592
15.5 137592
15.51 138768
15.52 118188
15.53 118776
15.54 119952
15.55 120540
15.56 122304
15.57 122304
15.58 122304
15.59 122304
15.6 123480
15.61 124068
15.62 125244
15.63 124656
15.64 127008
15.65 127596
15.66 127008
15.67 128184
15.68 129360
15.69 129360
15.7 129948
15.71 131124
15.72 131712
15.73 132300
15.74 132888
15.75 133476
15.76 134064
15.77 135240
15.78 135240
15.79 136416
15.8 137592
15.81 137592
15.82 137592
15.83 139356
15.84 139356
15.85 138180
15.86 128772
15.87 122304
15.88 112896
15.89 114072
15.9 114072
15.91 114660
15.92 115836
15.93 117012
15.94 117012
15.95 118776
15.96 118776
15.97 119364
15.98 120540
15.99 121128
16 121716
16.01 123480
16.02 123480
16.03 124656
16.04 125832
16.05 125832
16.06 125832
16.07 128184
16.08 128772
16.09 129360
16.1 130536
16.11 130536
16.12 131124
16.13 131712
16.14 131124
16.15 132300
16.16 132888
16.17 133476
16.18 134064
16.19 134652
16.2 136416
16.21 137004
16.22 137004
16.23 137592
16.24 138768
16.25 138768
16.26 138768
16.27 140532
16.28 141120
16.29 141708
16.3 143472
16.31 143472
16.32 144060
16.33 145236
16.34 144648
16.35 145824
16.36 147000
16.37 147000
16.38 148176
16.39 148764
16.4 149352
16.41 149940
16.42 150528
16.43 151116
16.44 148176
16.45 149352
16.46 149940
16.47 149940
16.48 151704
16.49 151704
16.5 151704
16.51 144060
16.52 144060
16.53 144648
16.54 146412
16.55 145824
16.56 146412
16.57 148176
16.58 147588
16.59 148176
16.6 149352
16.61 149352
16.62 150528
16.63 151116
16.64 151704
16.65 152292
16.66 153468
16.67 153468
16.68 154056
16.69 155232
16.7 155820
16.71 155820
16.72 157584
16.73 158172
16.74 158760
16.75 159936
16.76 159348
16.77 160524
16.78 160524
16.79 161112
16.8 162288
16.81 163464
16.82 164052
16.83 164640
16.84 164640
16.85 165816
16.86 166992
16.87 166992
16.88 168168
16.89 169344
16.9 168756
16.91 169344
16.92 170520
16.93 171108
16.94 171696
16.95 173460
16.96 172872
16.97 173460
16.98 175224
16.99 175224
17 175812
17.01 176400
17.02 176988
17.03 177576
17.04 179340
17.05 179340
17.06 179340
17.07 180516
17.08 181104
17.09 181104
17.1 182280
17.11 182868
17.12 184044
17.13 185220
17.14 184632
17.15 184632
17.16 185220
17.17 185220
17.18 185808
17.19 186396
17.2 186396
17.21 187572
17.22 188748
17.23 188160
17.24 188748
17.25 189336
17.26 189924
17.27 189924
17.28 191688
17.29 191688
17.3 192276
17.31 193452
17.32 194040
17.33 194040
17.34 195216
17.35 187572
17.36 168756
17.37 168756
17.38 169932
17.39 164052
17.4 153468
17.41 154056
17.42 155232
17.43 155820
17.44 156408
17.45 157584
17.46 157584
17.47 156996
17.48 157584
17.49 156996
17.5 158172
17.51 159348
17.52 159936
17.53 159936
17.54 161700
17.55 161700
17.56 162876
17.57 163464
17.58 163464
17.59 163464
17.6 164640
17.61 164640
17.62 165816
17.63 166992
17.64 167580
17.65 168168
17.66 169344
17.67 169344
17.68 169932
17.69 170520
17.7 170520
17.71 170520
17.72 171696
17.73 172284
17.74 172872
17.75 174636
17.76 174636
17.77 175224
17.78 176400
17.79 175812
17.8 175812
17.81 172284
17.82 169344
17.83 170520
17.84 171696
17.85 172872
17.86 172872
17.87 171696
17.88 160524
17.89 161112
17.9 161700
17.91 161112
17.92 162288
17.93 164052
17.94 164052
17.95 164052
17.96 165228
17.97 166404
17.98 166404
17.99 166404
18 167580
18.01 167580
18.02 168756
18.03 169932
18.04 170520
18.05 171696
18.06 172284
18.07 172872
18.08 172872
18.09 173460
18.1 174636
18.11 175224
18.12 175812
18.13 177576
18.14 177576
18.15 178164
18.16 178752
18.17 179340
18.18 179928
18.19 181104
18.2 181692
18.21 182280
18.22 184044
18.23 183456
18.24 184044
18.25 185220
18.26 185220
18.27 185808
18.28 186984
18.29 186984
18.3 187572
18.31 189336
18.32 188748
18.33 189336
18.34 191100
18.35 190512
18.36 191100
18.37 192276
18.38 192276
18.39 192864
18.4 194628
18.41 194628
18.42 194628
18.43 196392
18.44 196392
18.45 196392
18.46 198156
18.47 197568
18.48 198744
18.49 200508
18.5 200508
18.51 200508
18.52 202272
18.53 202272
18.54 202860
18.55 204036
18.56 203448
18.57 204624
18.58 205800
18.59 205800
18.6 206388
18.61 207564
18.62 208152
18.63 209328
18.64 209328
18.65 209328
18.66 211092
18.67 211680
18.68 211680
18.69 212856
18.7 212856
18.71 213444
18.72 214620
18.73 214620
18.74 214620
18.75 215796
18.76 216384
18.77 216972
18.78 218148
18.79 218148
18.8 219324
18.81 219912
18.82 219912
18.83 219912
18.84 220500
18.85 221088
18.86 221088
18.87 222264
18.88 222264
18.89 223440
18.9 224616
18.91 224616
18.92 224616
18.93 225792
18.94 226380
18.95 226968
18.96 226968
18.97 226380
18.98 226968
18.99 228732
19 228144
19.01 228144
19.02 229908
19.03 229320
19.04 229908
19.05 231084
19.06 229908
19.07 229908
19.08 231084
19.09 231672
19.1 232260
19.11 232848
19.12 233436
19.13 231672
19.14 215208
19.15 201684
19.16 201684
19.17 202272
19.18 203448
19.19 203448
19.2 204624
19.21 205212
19.22 198156
19.23 198156
19.24 198744
19.25 199332
19.26 199332
19.27 199920
19.28 199332
19.29 195804
19.3 196392
19.31 197568
19.32 198156
19.33 198744
19.34 199332
19.35 199332
19.36 200508
19.37 201096
19.38 200508
19.39 201684
19.4 202860
19.41 203448
19.42 204036
19.43 205212
19.44 205212
19.45 205800
19.46 206388
19.47 205800
19.48 206388
19.49 207564
19.5 208152
19.51 209328
19.52 209916
19.53 209916
19.54 211092
19.55 211680
19.56 211092
19.57 211680
19.58 212268
19.59 212856
19.6 214032
19.61 214620
19.62 214620
19.63 215208
19.64 215796
19.65 214620
19.66 211092
19.67 209916
19.68 209916
19.69 211092
19.7 211680
19.71 211680
19.72 211680
19.73 212856
19.74 214032
19.75 215208
19.76 215208
19.77 215208
19.78 216972
19.79 216972
19.8 216972
19.81 216972
19.82 217560
19.83 219324
19.84 221088
19.85 220500
19.86 220500
19.87 221676
19.88 222264
19.89 222852
19.9 223440
19.91 223440
19.92 224028
19.93 225204
19.94 226380
19.95 226380
19.96 227556
19.97 227556
19.98 228144
19.99 229320
20 229320
20.01 229320
20.02 229908
20.03 231084
20.04 231672
20.05 232848
20.06 232848
20.07 234024
20.08 234612
20.09 234024
20.1 234024
20.11 234612
20.12 235200
20.13 236376
20.14 236964
20.15 237552
20.16 238140
20.17 239904
20.18 239904
20.19 239904
20.2 240492
20.21 239904
20.22 240492
20.23 241668
20.24 241080
20.25 241668
20.26 243432
20.27 242844
20.28 244020
20.29 243432
20.3 243432
20.31 244608
20.32 245196
20.33 245196
20.34 246372
20.35 246960
20.36 246960
20.37 247548
20.38 248724
20.39 248724
20.4 249312
20.41 250488
20.42 250488
20.43 251664
20.44 251664
20.45 251664
20.46 252840
20.47 250488
20.48 219912
20.49 201096
20.5 201684
20.51 201684
20.52 203448
20.53 203448
20.54 204036
20.55 201684
20.56 201684
20.57 194040
20.58 194628
20.59 194628
20.6 195216
20.61 196392
20.62 196392
20.63 196980
20.64 198744
20.65 198744
20.66 199332
20.67 199920
20.68 199920
20.69 201096
20.7 174636
20.71 155820
20.72 155820
20.73 156996
20.74 157584
20.75 158172
20.76 155232
20.77 155232
20.78 156408
20.79 157584
20.8 157584
20.81 158172
20.82 159348
20.83 159348
20.84 159936
20.85 161112
20.86 161112
20.87 161700
20.88 162876
20.89 162876
20.9 162876
20.91 164640
20.92 164640
20.93 165816
20.94 166992
20.95 166992
20.96 168168
20.97 168756
20.98 168756
20.99 169932
21 170520
21.01 171696
21.02 172284
21.03 172872
21.04 172872
21.05 174636
21.06 174636
21.07 175224
21.08 176400
21.09 176988
21.1 177576
21.11 178164
21.12 178164
21.13 178752
21.14 179928
21.15 179928
21.16 181104
21.17 182868
21.18 183456
21.19 183456
21.2 184044
21.21 184044
21.22 184632
21.23 185808
21.24 185808
21.25 187572
21.26 188748
21.27 188748
21.28 188748
21.29 189924
21.3 189924
21.31 190512
21.32 191100
21.33 191688
21.34 192864
21.35 194628
21.36 194628
21.37 194628
21.38 195216
21.39 195216
21.4 195804
21.41 196392
21.42 196980
21.43 197568
21.44 199332
21.45 199332
21.46 199920
21.47 200508
21.48 200508
21.49 201096
21.5 201684
21.51 201684
21.52 202272
21.53 204036
21.54 203448
21.55 205212
21.56 205800
21.57 206388
21.58 206976
21.59 206976
21.6 207564
21.61 208152
21.62 209328
21.63 209328
21.64 211092
21.65 210504
21.66 211092
21.67 212856
21.68 212268
21.69 212856
21.7 214620
21.71 215208
21.72 215208
21.73 216384
21.74 216384
21.75 216972
21.76 217560
21.77 218148
21.78 218736
21.79 220500
21.8 220500
21.81 221088
21.82 222264
21.83 222264
21.84 222852
21.85 223440
21.86 223440
21.87 223440
21.88 224028
21.89 224028
21.9 225792
21.91 226968
21.92 226968
21.93 226968
21.94 228732
21.95 228144
21.96 228732
21.97 229320
21.98 228144
21.99 229320
22 231084
22.01 231084
22.02 232260
22.03 233436
22.04 233436
22.05 234024
22.06 234612
22.07 234024
22.08 223440
22.09 225204
22.1 225204
22.11 225792
22.12 226968
22.13 226968
22.14 227556
22.15 228732
22.16 228732
22.17 216384
22.18 216972
22.19 217560
22.2 218148
22.21 219324
22.22 219912
22.23 220500
22.24 220500
22.25 221088
22.26 222852
22.27 222264
22.28 223440
22.29 224616
22.3 224616
22.31 224616
22.32 226380
22.33 226380
22.34 226968
22.35 227556
22.36 227556
22.37 228732
22.38 229908
22.39 229320
22.4 229320
22.41 230496
22.42 230496
22.43 231672
22.44 232848
22.45 232848
22.46 232848
22.47 234612
22.48 234024
22.49 234024
22.5 234612
22.51 235200
22.52 235788
22.53 236964
22.54 237552
22.55 237552
22.56 239316
22.57 239316
22.58 239316
22.59 240492
22.6 239904
22.61 241080
22.62 242256
22.63 242844
22.64 243432
22.65 244020
22.66 244608
22.67 245196
22.68 245784
22.69 245784
22.7 245784
22.71 246372
22.72 245784
22.73 246372
22.74 248136
22.75 247548
22.76 248136
22.77 249312
22.78 249900
22.79 250488
22.8 250488
22.81 245784
22.82 246372
22.83 247548
22.84 247548
22.85 248724
22.86 249312
22.87 249312
22.88 251664
22.89 251076
22.9 242844
22.91 236376
22.92 235788
22.93 237552
22.94 238140
22.95 237552
22.96 238728
22.97 239904
22.98 240492
22.99 240492
23 241668
23.01 241668
23.02 242844
23.03 244020
23.04 243432
23.05 244020
23.06 245196
23.07 245784
23.08 246372
23.09 246960
23.1 246960
23.11 247548
23.12 249900
23.13 249312
23.14 249312
23.15 250488
23.16 250488
23.17 250488
23.18 252252
23.19 252252
23.2 252840
23.21 253428
23.22 254016
23.23 255192
23.24 255780
23.25 255192
23.26 255780
23.27 256956
23.28 256956
23.29 258132
23.3 258720
23.31 258132
23.32 259308
23.33 261072
23.34 261072
23.35 261072
23.36 261660
23.37 261660
23.38 262248
23.39 263424
23.4 263424
23.41 263424
23.42 264012
23.43 265188
23.44 266952
23.45 266364
23.46 266364
23.47 267540
23.48 267540
23.49 268128
23.5 269892
23.51 269304
23.52 269892
23.53 271068
23.54 271068
23.55 271656
23.56 272244
23.57 271656
23.58 272244
23.59 274008
23.6 274008
23.61 275184
23.62 275772
23.63 275772
23.64 276360
23.65 277536
23.66 276360
23.67 276360
23.68 276948
23.69 276948
23.7 277536
23.71 278712
23.72 279300
23.73 279888
23.74 281064
23.75 281064
23.76 281064
23.77 282828
23.78 282240
23.79 277536
23.8 278712
23.81 278124
23.82 278712
23.83 280476
23.84 279888
23.85 276948
23.86 262248
23.87 236376
23.88 236964
23.89 237552
23.9 237552
23.91 238140
23.92 239316
23.93 238728
23.94 239904
23.95 241080
23.96 241080
23.97 241668
23.98 241668
23.99 242256
24 242844
24.01 242844
24.02 243432
24.03 244020
24.04 244020
24.05 244608
24.06 245784
24.07 246372
24.08 246372
24.09 247548
24.1 247548
24.11 248724
24.12 249312
24.13 242844
24.14 243432
24.15 244020
24.16 243432
24.17 235200
24.18 220500
24.19 214032
24.2 181692
24.21 183456
24.22 183456
24.23 183456
24.24 184632
24.25 184632
24.26 184632
24.27 185808
24.28 186396
24.29 187572
24.3 189336
24.31 188748
24.32 188748
24.33 189924
24.34 190512
24.35 191100
24.36 192276
24.37 192276
24.38 193452
24.39 195216
24.4 194628
24.41 194628
24.42 195216
24.43 195216
24.44 196392
24.45 197568
24.46 197568
24.47 198744
24.48 200508
24.49 200508
24.5 200508
24.51 201096
24.52 201096
24.53 201684
24.54 202860
24.55 202272
24.56 203448
24.57 204624
24.58 205212
24.59 205800
24.6 206388
24.61 206976
24.62 207564
24.63 208152
24.64 208152
24.65 209328
24.66 209328
24.67 209916
24.68 211680
24.69 211680
24.7 211680
24.71 212856
24.72 212856
24.73 213444
24.74 214620
24.75 214620
24.76 215208
24.77 216384
24.78 216384
24.79 216384
24.8 218148
24.81 215796
24.82 213444
24.83 214620
24.84 214620
24.85 215208
24.86 216384
24.87 202272
24.88 193452
24.89 195216
24.9 182868
24.91 183456
24.92 184044
24.93 183456
24.94 184044
24.95 180516
24.96 162876
24.97 162876
24.98 164052
24.99 164640
25 165816
25.01 166404
25.02 166404
25.03 166992
25.04 168168
25.05 168168
25.06 168756
25.07 170520
25.08 170520
25.09 161700
25.1 162288
25.11 161700
25.12 162288
25.13 163464
25.14 163464
25.15 164640
25.16 166404
25.17 156408
25.18 156996
25.19 156996
25.2 157584
25.21 158172
25.22 158760
25.23 159348
25.24 161700
25.25 162288
25.26 162876
25.27 163464
25.28 163464
25.29 164052
25.3 165228
25.31 165228
25.32 166404
25.33 168756
25.34 168756
25.35 168756
25.36 169344
25.37 169932
25.38 170520
25.39 171696
25.4 172284
25.41 172872
25.42 174048
25.43 174048
25.44 174048
25.45 175224
25.46 175224
25.47 175812
25.48 176400
25.49 176400
25.5 178164
25.51 176988
25.52 175224
25.53 175224
25.54 176988
25.55 177576
25.56 178164
25.57 174048
25.58 170520
25.59 157584
25.6 158172
25.61 157584
25.62 158172
25.63 158760
25.64 159348
25.65 159936
25.66 161112
25.67 162288
25.68 162876
25.69 164052
25.7 163464
25.71 164052
25.72 165816
25.73 165816
25.74 165816
25.75 167580
25.76 168168
25.77 168756
25.78 168756
25.79 169932
25.8 171108
25.81 171696
25.82 171696
25.83 172872
25.84 173460
25.85 174048
25.86 175224
25.87 175224
25.88 175812
25.89 176988
25.9 176988
25.91 176988
25.92 178164
25.93 178752
25.94 179928
25.95 180516
25.96 180516
25.97 181692
25.98 182868
25.99 182280
26 183456
26.01 185220
26.02 184632
26.03 185808
26.04 186396
26.05 186396
26.06 187572
26.07 188748
26.08 188160
26.09 189336
26.1 190512
26.11 189924
26.12 191100
26.13 191688
26.14 191100
26.15 192864
26.16 194040
26.17 194040
26.18 194628
26.19 195804
26.2 195216
26.21 196392
26.22 197568
26.23 197568
26.24 198744
26.25 199920
26.26 199920
26.27 200508
26.28 201684
26.29 201684
26.3 202272
26.31 203448
26.32 203448
26.33 204624
26.34 205800
26.35 205800
26.36 205800
26.37 206388
26.38 206976
26.39 207564
26.4 208152
26.41 208740
26.42 209328
26.43 209916
26.44 211680
26.45 212268
26.46 211680
26.47 211680
26.48 212856
26.49 212268
26.5 213444
26.51 214032
26.52 214620
26.53 215208
26.54 216384
26.55 215796
26.56 216384
26.57 210504
26.58 209916
26.59 209916
26.6 211092
26.61 211680
26.62 212856
26.63 213444
26.64 213444
26.65 211680
26.66 201096
26.67 201684
26.68 201684
26.69 202860
26.7 203448
26.71 204036
26.72 205212
26.73 204624
26.74 204624
26.75 206388
26.76 206976
26.77 206976
26.78 208152
26.79 208152
26.8 209328
26.81 210504
26.82 209916
26.83 209916
26.84 212268
26.85 211680
26.86 212856
26.87 214032
26.88 213444
26.89 214620
26.9 216384
26.91 215796
26.92 215796
26.93 217560
26.94 216384
26.95 216972
26.96 218148
26.97 217560
26.98 218148
26.99 219912
27 219912
27.01 220500
27.02 221676
27.03 222264
27.04 219912
27.05 219912
27.06 219912
27.07 221088
27.08 221088
27.09 222264
27.1 222852
27.11 222852
27.12 189924
27.13 186396
27.14 186396
27.15 186396
27.16 187572
27.17 186984
27.18 188160
27.19 189336
27.2 189336
27.21 190512
27.22 191688
27.23 191688
27.24 191688
27.25 193452
27.26 193452
27.27 193452
27.28 194628
27.29 194040
27.3 194628
27.31 196392
27.32 196392
27.33 196980
27.34 198744
27.35 198744
27.36 198744
27.37 199920
27.38 199920
27.39 200508
27.4 201684
27.41 201684
27.42 202272
27.43 204036
27.44 204036
27.45 204036
27.46 205212
27.47 205800
27.48 205800
27.49 206976
27.5 206976
27.51 206976
27.52 208740
27.53 202272
27.54 201684
27.55 202860
27.56 203448
27.57 203448
27.58 204624
27.59 198744
27.6 198156
27.61 195804
27.62 194628
27.63 195804
27.64 195216
27.65 196392
27.66 196980
27.67 196980
27.68 197568
27.69 198744
27.7 198156
27.71 199332
27.72 200508
27.73 200508
27.74 201684
27.75 202272
27.76 202272
27.77 202272
27.78 197568
27.79 181692
27.8 159348
27.81 160524
27.82 161112
27.83 162288
27.84 162876
27.85 162876
27.86 162876
27.87 164052
27.88 164052
27.89 164640
27.9 166404
27.91 166992
27.92 167580
27.93 168756
27.94 168756
27.95 169344
27.96 170520
27.97 169932
27.98 170520
27.99 172284
28 172872
28.01 173460
28.02 174048
28.03 175224
28.04 175224
28.05 176400
28.06 175812
28.07 176988
28.08 177576
28.09 178164
28.1 178752
28.11 180516
28.12 180516
28.13 181104
28.14 182280
28.15 182280
28.16 182868
28.17 184044
28.18 184044
28.19 184044
28.2 185220
28.21 185808
28.22 185808
28.23 186396
28.24 186984
28.25 188160
28.26 188748
28.27 189336
28.28 190512
28.29 191688
28.3 191688
28.31 192276
28.32 192276
28.33 193452
28.34 194628
28.35 194628
28.36 195804
28.37 196392
28.38 197568
28.39 197568
28.4 198156
28.41 198744
28.42 199332
28.43 200508
28.44 200508
28.45 201096
28.46 202272
28.47 202860
28.48 202860
28.49 203448
28.5 203448
28.51 204036
28.52 205212
28.53 204624
28.54 205212
28.55 206388
28.56 206976
28.57 207564
28.58 195216
28.59 189336
28.6 189924
28.61 191100
28.62 191100
28.63 191688
28.64 192864
28.65 193452
28.66 168756
28.67 169932
28.68 169932
28.69 170520
28.7 171696
28.71 171108
28.72 171696
28.73 172872
28.74 173460
28.75 174636
28.76 175812
28.77 176400
28.78 176400
28.79 176988
28.8 176988
28.81 176988
28.82 178164
28.83 179340
28.84 180516
28.85 181104
28.86 181692
28.87 182868
28.88 182280
28.89 182868
28.9 183456
28.91 184044
28.92 184632
28.93 186396
28.94 186396
28.95 186984
28.96 188160
28.97 187572
28.98 188748
28.99 189336
29 188748
29.01 189924
29.02 190512
29.03 190512
29.04 191688
29.05 192864
29.06 193452
29.07 194040
29.08 195216
29.09 194628
29.1 191688
29.11 192276
29.12 191688
29.13 192276
29.14 194040
29.15 194628
29.16 195216
29.17 196392
29.18 176988
29.19 178164
29.2 178752
29.21 178752
29.22 178752
29.23 179928
29.24 180516
29.25 181104
29.26 182280
29.27 182868
29.28 183456
29.29 184044
29.3 184632
29.31 185220
29.32 185808
29.33 186396
29.34 187572
29.35 188748
29.36 188748
29.37 189336
29.38 189924
29.39 189924
29.4 190512
29.41 190512
29.42 191688
29.43 192864
29.44 192276
29.45 192864
29.46 194628
29.47 194628
29.48 194628
29.49 196392
29.5 196392
29.51 196392
29.52 198744
29.53 198744
29.54 199332
29.55 200508
29.56 200508
29.57 200508
29.58 201684
29.59 201684
29.6 201684
29.61 203448
29.62 204036
29.63 204624
29.64 205800
29.65 205212
29.66 205800
29.67 206388
29.68 206388
29.69 206388
29.7 207564
29.71 207564
29.72 207564
29.73 209328
29.74 209328
29.75 206976
29.76 208152
29.77 208152
29.78 208740
29.79 209328
29.8 209328
29.81 209328
29.82 211092
29.83 181692
29.84 178752
29.85 171696
29.86 160524
29.87 150528
29.88 151704
29.89 151704
29.9 151704
29.91 152880
29.92 147588
29.93 138180
29.94 139944
29.95 140532
29.96 141120
29.97 127008
29.98 127008
29.99 127596
30 128184
30.01 128184
30.02 129360
30.03 130536
30.04 131124
30.05 133476
30.06 132888
30.07 133476
30.08 134652
30.09 134652
30.1 135240
30.11 137004
30.12 137004
30.13 138768
30.14 139944
30.15 139356
30.16 139944
30.17 141120
30.18 141708
30.19 142884
30.2 144648
30.21 144648
30.22 145236
30.23 146412
30.24 145824
30.25 146412
30.26 147588
30.27 148764
30.28 149352
30.29 150528
30.3 150528
30.31 151704
30.32 152292
30.33 152292
30.34 153468
30.35 155232
30.36 155232
30.37 155820
30.38 156408
30.39 156996
30.4 156996
30.41 158172
30.42 158172
30.43 159348
30.44 160524
30.45 161112
30.46 161112
30.47 162876
30.48 162876
30.49 162876
30.5 164052
30.51 164052
30.52 165228
30.53 166404
30.54 166404
30.55 166992
30.56 168168
30.57 167580
30.58 165228
30.59 166404
30.6 166992
30.61 168168
30.62 168756
30.63 169344
30.64 171108
30.65 146412
30.66 146412
30.67 148176
30.68 147588
30.69 147588
30.7 148764
30.71 148764
30.72 149940
30.73 151116
30.74 151116
30.75 152880
30.76 154056
30.77 153468
30.78 153468
30.79 155232
30.8 155232
30.81 155820
30.82 156996
30.83 156996
30.84 156996
30.85 158760
30.86 158172
30.87 158172
30.88 159936
30.89 159936
30.9 161700
30.91 162288
30.92 162288
30.93 163464
30.94 164640
30.95 164052
30.96 164640
30.97 166404
30.98 166404
30.99 167580
31 168756
31.01 168756
31.02 169344
31.03 170520
31.04 170520
31.05 170520
31.06 172284
31.07 172872
31.08 173460
31.09 175224
31.1 175224
31.11 175812
31.12 176988
31.13 176400
31.14 176988
31.15 178164
31.16 178752
31.17 179340
31.18 179928
31.19 180516
31.2 181104
31.21 181692
31.22 181692
31.23 182280
31.24 183456
31.25 184044
31.26 185808
31.27 185220
31.28 180516
31.29 181692
31.3 181692
31.31 182280
31.32 184044
31.33 184044
31.34 184632
31.35 168756
31.36 157584
31.37 158172
31.38 159348
31.39 159348
31.4 159348
31.41 161112
31.42 161112
31.43 161700
31.44 162288
31.45 162876
31.46 163464
31.47 164052
31.48 164640
31.49 165228
31.5 166404
31.51 166404
31.52 167580
31.53 168756
31.54 168756
31.55 168756
31.56 169932
31.57 170520
31.58 170520
31.59 171696
31.6 171696
31.61 172284
31.62 173460
31.63 174048
31.64 174636
31.65 175224
31.66 175812
31.67 176400
31.68 178164
31.69 178164
31.7 178752
31.71 179928
31.72 179928
31.73 180516
31.74 181104
31.75 181104
31.76 181692
31.77 182868
31.78 182868
31.79 183456
31.8 185220
31.81 185808
31.82 185808
31.83 185808
31.84 185808
31.85 186984
31.86 186984
31.87 187572
31.88 189336
31.89 189336
31.9 189924
31.91 191688
31.92 191688
31.93 191688
31.94 193452
31.95 193452
31.96 194040
31.97 195216
31.98 195216
31.99 195804
32 197568
32.01 197568
32.02 198156
32.03 199332
32.04 199332
32.05 199920
32.06 201096
32.07 201684
32.08 202272
32.09 203448
32.1 203448
32.11 204036
32.12 205212
32.13 205212
32.14 205800
32.15 206976
32.16 206976
32.17 208152
32.18 209328
32.19 209328
32.2 209328
32.21 210504
32.22 210504
32.23 211092
32.24 211680
32.25 211680
32.26 212856
32.27 214032
32.28 214032
32.29 215208
32.3 208152
32.31 206388
32.32 206976
32.33 207564
32.34 206976
32.35 207564
32.36 209916
32.37 209916
32.38 209916
32.39 201096
32.4 201096
32.41 201096
32.42 201684
32.43 201684
32.44 202860
32.45 203448
32.46 205212
32.47 205800
32.48 205800
32.49 206388
32.5 206976
32.51 206388
32.52 206976
32.53 207564
32.54 207564
32.55 208740
32.56 209916
32.57 209916
32.58 188748
32.59 189924
32.6 189924
32.61 190512
32.62 191100
32.63 191100
32.64 191688
32.65 192864
32.66 176400
32.67 169344
32.68 153468
32.69 154056
32.7 154056
32.71 155232
32.72 154644
32.73 155232
32.74 155820
32.75 156408
32.76 157584
32.77 159348
32.78 159348
32.79 159348
32.8 160524
32.81 160524
32.82 161112
32.83 162876
32.84 163464
32.85 164640
32.86 165816
32.87 165228
32.88 165228
32.89 165816
32.9 142884
32.91 144060
32.92 145236
32.93 146412
32.94 147000
32.95 148176
32.96 147588
32.97 141708
32.98 141120
32.99 142296
33 142884
33.01 144060
33.02 144648
33.03 145236
33.04 145824
33.05 146412
33.06 147588
33.07 147588
33.08 148764
33.09 149940
33.1 149940
33.11 150528
33.12 151704
33.13 151704
33.14 152880
33.15 154056
33.16 154056
33.17 154644
33.18 155820
33.19 155820
33.2 156408
33.21 157584
33.22 158760
33.23 159348
33.24 160524
33.25 160524
33.26 161112
33.27 162288
33.28 161700
33.29 162288
33.3 164640
33.31 164640
33.32 165228
33.33 166404
33.34 166992
33.35 166992
33.36 168168
33.37 167580
33.38 169344
33.39 170520
33.4 171108
33.41 171696
33.42 172284
33.43 172872
33.44 172872
33.45 173460
33.46 174048
33.47 174636
33.48 176400
33.49 176988
33.5 176988
33.51 178752
33.52 178164
33.53 178164
33.54 179340
33.55 179928
33.56 180516
33.57 181692
33.58 181692
33.59 181692
33.6 183456
33.61 183456
33.62 183456
33.63 184632
33.64 185220
33.65 186984
33.66 186984
33.67 187572
33.68 188160
33.69 188748
33.7 188748
33.71 189924
33.72 190512
33.73 190512
33.74 191688
33.75 191688
33.76 192276
33.77 194040
33.78 194040
33.79 194040
33.8 195804
33.81 196392
33.82 196980
33.83 198156
33.84 197568
33.85 198156
33.86 199332
33.87 199332
33.88 199920
33.89 201096
33.9 201684
33.91 202272
33.92 202272
33.93 201684
33.94 202272
33.95 203448
33.96 203448
33.97 204036
33.98 205800
33.99 206388
34 206976
34.01 207564
34.02 207564
34.03 208152
34.04 209328
34.05 199332
34.06 199920
34.07 201096
34.08 201096
34.09 201684
34.1 191688
34.11 187572
34.12 182280
34.13 183456
34.14 183456
34.15 184632
34.16 185220
34.17 184044
34.18 185220
34.19 185220
34.2 185220
34.21 185808
34.22 186984
34.23 187572
34.24 189336
34.25 174636
34.26 175812
34.27 177576
34.28 176988
34.29 177576
34.3 178752
34.31 178752
34.32 179340
34.33 180516
34.34 180516
34.35 181692
34.36 182280
34.37 182280
34.38 182868
34.39 184044
34.4 184044
34.41 184632
34.42 185808
34.43 185808
34.44 186984
34.45 188160
34.46 188160
34.47 188160
34.48 189336
34.49 188748
34.5 189336
34.51 190512
34.52 190512
34.53 192276
34.54 192864
34.55 193452
34.56 193452
34.57 195216
34.58 194628
34.59 182280
34.6 183456
34.61 183456
34.62 184632
34.63 185220
34.64 184632
34.65 184632
34.66 185808
34.67 179340
34.68 179928
34.69 181104
34.7 181692
34.71 182280
34.72 182868
34.73 182868
34.74 182868
34.75 184044
34.76 185220
34.77 185220
34.78 185220
34.79 185220
34.8 181692
34.81 169344
34.82 169932
34.83 169932
34.84 171108
34.85 172284
34.86 173460
34.87 172872
34.88 171696
34.89 164640
34.9 165228
34.91 165228
34.92 165816
34.93 164640
34.94 163464
34.95 154644
34.96 137592
34.97 138768
34.98 139356
34.99 139944
35 139944
35.01 142296
35.02 142884
35.03 143472
35.04 144060
35.05 144648
35.06 144648
35.07 145824
35.08 145236
35.09 147000
35.1 148176
35.11 148764
35.12 148764
35.13 150528
35.14 149940
35.15 151116
35.16 152292
35.17 152880
35.18 153468
35.19 155232
35.2 154644
35.21 155232
35.22 156408
35.23 156408
35.24 156996
35.25 158760
35.26 158760
35.27 159936
35.28 161112
35.29 161112
35.3 161700
35.31 162876
35.32 162876
35.33 164052
35.34 164640
35.35 165228
35.36 165228
35.37 166992
35.38 166992
35.39 167580
35.4 167580
35.41 168756
35.42 169932
35.43 170520
35.44 171108
35.45 172872
35.46 172284
35.47 173460
35.48 174048
35.49 174636
35.5 175812
35.51 176400
35.52 176400
35.53 176400
35.54 178164
35.55 177576
35.56 178752
35.57 179340
35.58 179340
35.59 180516
35.6 181104
35.61 181104
35.62 181692
35.63 182868
35.64 182868
35.65 182868
35.66 184632
35.67 184632
35.68 181104
35.69 169344
35.7 168756
35.71 169344
35.72 169932
35.73 169932
35.74 169932
35.75 171108
35.76 170520
35.77 168168
35.78 169344
35.79 169344
35.8 169932
35.81 170520
35.82 170520
35.83 172284
35.84 172872
35.85 173460
35.86 173460
35.87 174636
35.88 175224
35.89 175224
35.9 171108
35.91 148764
35.92 147000
35.93 148176
35.94 148176
35.95 148764
35.96 149940
35.97 150528
35.98 143472
35.99 134064
36 135240
36.01 135828
36.02 136416
36.03 137004
36.04 138180
36.05 138768
36.06 138768
36.07 141120
36.08 141120
36.09 142296
36.1 142884
36.11 142884
36.12 142884
36.13 144648
36.14 144060
36.15 146412
36.16 147000
36.17 147588
36.18 147588
36.19 149352
36.2 148764
36.21 149940
36.22 150528
36.23 151704
36.24 151704
36.25 154056
36.26 153468
36.27 154056
36.28 155232
36.29 155820
36.3 156408
36.31 158172
36.32 157584
36.33 159348
36.34 159936
36.35 159936
36.36 160524
36.37 162288
36.38 161700
36.39 162876
36.4 164052
36.41 165228
36.42 165228
36.43 166404
36.44 165816
36.45 166992
36.46 168168
36.47 168756
36.48 169344
36.49 169932
36.5 169932
36.51 170520
36.52 171108
36.53 170520
36.54 172284
36.55 174048
36.56 174636
36.57 175224
36.58 176400
36.59 175812
36.6 176400
36.61 176400
36.62 176400
36.63 177576
36.64 178752
36.65 179340
36.66 181104
36.67 181692
36.68 182280
36.69 182868
36.7 182280
36.71 182868
36.72 184632
36.73 184632
36.74 185808
36.75 188160
36.76 187572
36.77 188160
36.78 188748
36.79 188160
36.8 188748
36.81 189924
36.82 189924
36.83 191100
36.84 192276
36.85 192864
36.86 192864
36.87 194040
36.88 193452
36.89 194628
36.9 195804
36.91 196392
36.92 196980
36.93 198744
36.94 198744
36.95 198744
36.96 199920
36.97 199332
36.98 201096
36.99 201684
37 201096
37.01 201684
37.02 202860
37.03 202860
37.04 203448
37.05 204624
37.06 204036
37.07 205212
37.08 206388
37.09 205800
37.1 206388
37.11 207564
37.12 206976
37.13 207564
37.14 208152
37.15 208152
37.16 209916
37.17 211092
37.18 209916
37.19 210504
37.2 211680
37.21 211680
37.22 211680
37.23 212856
37.24 213444
37.25 215796
37.26 215208
37.27 215796
37.28 212268
37.29 212856
37.3 212856
37.31 199332
37.32 186396
37.33 185220
37.34 186984
37.35 186984
37.36 182868
37.37 169932
37.38 169932
37.39 170520
37.4 168168
37.41 168168
37.42 169344
37.43 170520
37.44 169932
37.45 171696
37.46 172284
37.47 172872
37.48 172872
37.49 174636
37.5 174636
37.51 175224
37.52 176400
37.53 175812
37.54 176988
37.55 178752
37.56 178164
37.57 178752
37.58 179928
37.59 180516
37.6 181692
37.61 182280
37.62 182868
37.63 183456
37.64 184632
37.65 184044
37.66 185220
37.67 186396
37.68 186396
37.69 187572
37.7 188160
37.71 188748
37.72 188748
37.73 190512
37.74 189924
37.75 189924
37.76 191688
37.77 191688
37.78 192276
37.79 192276
37.8 192864
37.81 193452
37.82 194040
37.83 194040
37.84 194628
37.85 195804
37.86 196392
37.87 197568
37.88 197568
37.89 198156
37.9 199332
37.91 199332
37.92 199920
37.93 201096
37.94 201684
37.95 202272
37.96 204036
37.97 203448
37.98 203448
37.99 205212
38 205212
38.01 205800
38.02 206976
38.03 207564
38.04 208152
38.05 209916
38.06 209328
38.07 209328
38.08 210504
38.09 210504
38.1 211092
38.11 211680
38.12 212268
38.13 212268
38.14 214032
38.15 213444
38.16 214032
38.17 214620
38.18 214620
38.19 215208
38.2 216384
38.21 217560
38.22 217560
38.23 218736
38.24 218736
38.25 218736
38.26 219912
38.27 219912
38.28 220500
38.29 221676
38.3 222264
38.31 222852
38.32 224028
38.33 224028
38.34 224028
38.35 225204
38.36 225204
38.37 225204
38.38 203448
38.39 204036
38.4 205212
38.41 205212
38.42 206388
38.43 175224
38.44 175812
38.45 176400
38.46 177576
38.47 177576
38.48 177576
38.49 178752
38.5 178164
38.51 179340
38.52 180516
38.53 180516
38.54 181692
38.55 182280
38.56 182868
38.57 184044
38.58 184632
38.59 184044
38.6 185220
38.61 186396
38.62 185808
38.63 186984
38.64 188160
38.65 188160
38.66 189336
38.67 189924
38.68 189924
38.69 191100
38.7 192276
38.71 191688
38.72 192276
38.73 194040
38.74 193452
38.75 194040
38.76 194628
38.77 194628
38.78 195216
38.79 196392
38.8 196980
38.81 196980
38.82 198744
38.83 198744
38.84 199332
38.85 186984
38.86 186984
38.87 188160
38.88 189336
38.89 188748
38.9 189336
38.91 191100
38.92 189924
38.93 166404
38.94 168168
38.95 167580
38.96 168756
38.97 169932
38.98 169932
38.99 170520
39 171108
39.01 172284
39.02 172872
39.03 173460
39.04 173460
39.05 175224
39.06 175224
39.07 175812
39.08 177576
39.09 176400
39.1 177576
39.11 179340
39.12 178752
39.13 179928
39.14 181104
39.15 181104
39.16 181692
39.17 182868
39.18 182280
39.19 183456
39.2 184044
39.21 183456
39.22 184632
39.23 185808
39.24 185220
39.25 185808
39.26 164052
39.27 162876
39.28 164052
39.29 165228
39.3 164640
39.31 165816
39.32 166992
39.33 166992
39.34 167580
39.35 169344
39.36 169344
39.37 169932
39.38 171108
39.39 171108
39.4 171108
39.41 173460
39.42 173460
39.43 174636
39.44 175812
39.45 175812
39.46 176400
39.47 176988
39.48 176988
39.49 176988
39.5 178164
39.51 178164
39.52 179340
39.53 180516
39.54 181104
39.55 181692
39.56 182868
39.57 182280
39.58 182868
39.59 184044
39.6 185220
39.61 185808
39.62 186396
39.63 186396
39.64 186984
39.65 188160
39.66 188160
39.67 189336
39.68 189336
39.69 190512
39.7 191688
39.71 191688
39.72 192276
39.73 192276
39.74 192276
39.75 192276
39.76 194040
39.77 194628
39.78 195216
39.79 196392
39.8 196392
39.81 196980
39.82 198156
39.83 198156
39.84 198156
39.85 199920
39.86 200508
39.87 201096
39.88 202272
39.89 201684
39.9 201684
39.91 175224
39.92 174636
39.93 175812
39.94 176988
39.95 176988
39.96 177576
39.97 178752
39.98 178752
39.99 179340
40 179928
40.01 179928
40.02 180516
40.03 182280
40.04 182280
40.05 182868
40.06 184632
40.07 184632
40.08 185220
40.09 185808
40.1 186396
40.11 187572
40.12 188160
40.13 188748
40.14 188748
40.15 189924
40.16 190512
40.17 190512
40.18 192276
40.19 192276
40.2 192864
40.21 194040
40.22 194628
40.23 194628
40.24 195216
40.25 196392
40.26 197568
40.27 197568
40.28 198156
40.29 199332
40.3 198744
40.31 199920
40.32 201096
40.33 200508
40.34 201096
40.35 202272
40.36 202272
40.37 202860
40.38 204624
40.39 204036
40.4 205212
40.41 206976
40.42 206388
40.43 206976
40.44 208152
40.45 208152
40.46 208740
40.47 210504
40.48 209916
40.49 210504
40.5 212268
40.51 211680
40.52 212268
40.53 213444
40.54 213444
40.55 214032
40.56 215796
40.57 215208
40.58 215208
40.59 216384
40.6 216384
40.61 216972
40.62 217560
40.63 217560
40.64 217560
40.65 219324
40.66 219912
40.67 220500
40.68 221088
40.69 221676
40.7 222264
40.71 222852
40.72 222852
40.73 205800
40.74 206976
40.75 207564
40.76 208152
40.77 208740
40.78 208740
40.79 210504
40.8 210504
40.81 209916
40.82 202860
40.83 203448
40.84 203448
40.85 205212
40.86 204624
40.87 205212
40.88 205800
40.89 206388
40.9 206388
40.91 201096
40.92 201096
40.93 201684
40.94 203448
40.95 203448
40.96 203448
40.97 204624
40.98 204624
40.99 204624
41 205800
41.01 197568
41.02 181104
41.03 181692
41.04 182280
41.05 182280
41.06 183456
41.07 183456
41.08 183456
41.09 185808
41.1 186396
41.11 186984
41.12 187572
41.13 188160
41.14 188160
41.15 189336
41.16 189336
41.17 189924
41.18 191688
41.19 192276
41.2 192864
41.21 193452
41.22 194040
41.23 194040
41.24 195804
41.25 195216
41.26 196392
41.27 197568
41.28 198156
41.29 198156
41.3 198744
41.31 199332
41.32 199332
41.33 200508
41.34 199920
41.35 201684
41.36 202860
41.37 203448
41.38 203448
41.39 203448
41.4 204624
41.41 205212
41.42 205800
41.43 205800
41.44 206388
41.45 206976
41.46 208152
41.47 208740
41.48 208152
41.49 208152
41.5 209916
41.51 210504
41.52 211092
41.53 212268
41.54 212268
41.55 212268
41.56 214032
41.57 214032
41.58 214032
41.59 215208
41.6 215796
41.61 215796
41.62 217560
41.63 218148
41.64 218148
41.65 219324
41.66 219324
41.67 219324
41.68 220500
41.69 220500
41.7 220500
41.71 222264
41.72 222264
41.73 222852
41.74 223440
41.75 223440
41.76 224028
41.77 225204
41.78 224616
41.79 225204
41.8 227556
41.81 228144
41.82 228732
41.83 229320
41.84 229320
41.85 229908
41.86 230496
41.87 230496
41.88 231084
41.89 232848
41.9 234024
41.91 234024
41.92 235200
41.93 234612
41.94 235200
41.95 236376
41.96 236376
41.97 236964
41.98 237552
41.99 238728
42 239904
42.01 240492
42.02 240492
42.03 241080
42.04 241668
42.05 241668
42.06 242844
42.07 242256
42.08 243432
42.09 244608
42.1 245196
42.11 245784
42.12 246372
42.13 246372
42.14 246372
42.15 247548
42.16 247548
42.17 247548
42.18 248724
42.19 249312
42.2 249900
42.21 251076
42.22 251664
42.23 251664
42.24 252252
42.25 251664
42.26 252252
42.27 253428
42.28 254016
42.29 255192
42.3 256368
42.31 255780
42.32 256368
42.33 257544
42.34 256956
42.35 257544
42.36 246960
42.37 246960
42.38 247548
42.39 248724
42.4 249312
42.41 243432
42.42 244608
42.43 244608
42.44 242256
42.45 222264
42.46 222264
42.47 223440
42.48 224616
42.49 224616
42.5 225204
42.51 225792
42.52 225792
42.53 226380
42.54 227556
42.55 227556
42.56 228144
42.57 229908
42.58 229908
42.59 230496
42.6 231084
42.61 231084
42.62 232260
42.63 232848
42.64 232848
42.65 234024
42.66 234024
42.67 215208
42.68 214620
42.69 214032
42.7 214620
42.71 215796
42.72 215796
42.73 216384
42.74 216972
42.75 216972
42.76 217560
42.77 220500
42.78 219912
42.79 219912
42.8 221088
42.81 221088
42.82 222264
42.83 222852
42.84 222852
42.85 223440
42.86 224616
42.87 225204
42.88 224616
42.89 225204
42.9 225204
42.91 225204
42.92 226380
42.93 226380
42.94 227556
42.95 228732
42.96 228732
42.97 228732
42.98 229908
42.99 229908
43 230496
43.01 231672
43.02 231084
43.03 231672
43.04 229320
43.05 221676
43.06 204624
43.07 201684
43.08 201096
43.09 202272
43.1 179928
43.11 179928
43.12 178164
43.13 175812
43.14 175224
43.15 175812
43.16 176400
43.17 176400
43.18 176988
43.19 177576
43.2 177576
43.21 178752
43.22 179928
43.23 181104
43.24 181104
43.25 180516
43.26 181104
43.27 170520
43.28 170520
43.29 171108
43.3 172872
43.31 172872
43.32 174048
43.33 175224
43.34 175224
43.35 175812
43.36 175224
43.37 174636
43.38 175812
43.39 177576
43.4 177576
43.41 162288
43.42 156408
43.43 139944
43.44 141120
43.45 141708
43.46 142296
43.47 143472
43.48 144060
43.49 144060
43.5 144060
43.51 145236
43.52 145824
43.53 145824
43.54 147588
43.55 147588
43.56 148176
43.57 149352
43.58 149352
43.59 150528
43.6 151704
43.61 151116
43.62 152292
43.63 153468
43.64 153468
43.65 154644
43.66 155232
43.67 156408
43.68 156408
43.69 157584
43.7 158172
43.71 158760
43.72 159936
43.73 159348
43.74 159348
43.75 162288
43.76 161700
43.77 162288
43.78 164052
43.79 164052
43.8 165228
43.81 165228
43.82 165228
43.83 165228
43.84 166992
43.85 166992
43.86 168756
43.87 169344
43.88 169932
43.89 171108
43.9 171108
43.91 170520
43.92 172284
43.93 172284
43.94 172284
43.95 174048
43.96 174636
43.97 175224
43.98 175812
43.99 174636
44 175812
44.01 177576
44.02 177576
44.03 178164
44.04 179340
44.05 179928
44.06 180516
44.07 163464
44.08 139944
44.09 141120
44.1 141708
44.11 141708
44.12 142884
44.13 144648
44.14 144648
44.15 145236
44.16 145824
44.17 146412
44.18 146412
44.19 148176
44.2 147588
44.21 148764
44.22 149940
44.23 150528
44.24 151116
44.25 152292
44.26 151704
44.27 152880
44.28 153468
44.29 152880
44.3 154056
44.31 155232
44.32 155820
44.33 156408
44.34 157584
44.35 156996
44.36 158172
44.37 158760
44.38 158760
44.39 159348
44.4 160524
44.41 161700
44.42 162288
44.43 162876
44.44 163464
44.45 164640
44.46 164052
44.47 164052
44.48 165816
44.49 165816
44.5 165816
44.51 167580
44.52 168168
44.53 168756
44.54 169932
44.55 169344
44.56 171108
44.57 171696
44.58 171108
44.59 171696
44.6 173460
44.61 174048
44.62 174636
44.63 175812
44.64 175812
44.65 176400
44.66 176988
44.67 176400
44.68 177576
44.69 178752
44.7 178752
44.71 179340
44.72 179928
44.73 181104
44.74 175812
44.75 176400
44.76 176988
44.77 177576
44.78 179340
44.79 179340
44.8 175224
44.81 175812
44.82 159348
44.83 160524
44.84 161700
44.85 161700
44.86 162876
44.87 164052
44.88 164052
44.89 164052
44.9 165228
44.91 165228
44.92 165816
44.93 166992
44.94 167580
44.95 168168
44.96 169344
44.97 169932
44.98 169932
44.99 171108
45 170520
45.01 171696
45.02 172284
45.03 172872
45.04 174048
45.05 174636
45.06 175224
45.07 175812
45.08 175812
45.09 175812
45.1 177576
45.11 177576
45.12 177576
45.13 178752
45.14 179340
45.15 179928
45.16 170520
45.17 170520
45.18 171108
45.19 172284
45.2 172872
45.21 172872
45.22 171108
45.23 170520
45.24 171696
45.25 172284
45.26 172284
45.27 172872
45.28 174048
45.29 174048
45.3 174636
45.31 176400
45.32 176400
45.33 176988
45.34 178164
45.35 178164
45.36 178752
45.37 179928
45.38 179340
45.39 179340
45.4 181104
45.41 181692
45.42 182280
45.43 184044
45.44 184044
45.45 184632
45.46 185808
45.47 185220
45.48 185808
45.49 187572
45.5 187572
45.51 188160
45.52 189924
45.53 189336
45.54 189924
45.55 191100
45.56 190512
45.57 191100
45.58 193452
45.59 192864
45.6 193452
45.61 194628
45.62 194628
45.63 195216
45.64 195804
45.65 195804
45.66 196980
45.67 198156
45.68 198156
45.69 198744
45.7 199332
45.71 199920
45.72 200508
45.73 201096
45.74 201096
45.75 202860
45.76 202860
45.77 203448
45.78 204624
45.79 205212
45.8 205800
45.81 206388
45.82 206388
45.83 206388
45.84 206976
45.85 206976
45.86 174636
45.87 175812
45.88 175812
45.89 175812
45.9 177576
45.91 178164
45.92 178164
45.93 179340
45.94 165816
45.95 166992
45.96 168168
45.97 168168
45.98 168756
45.99 169932
46 170520
46.01 171108
46.02 171696
46.03 171696
46.04 172284
46.05 174048
46.06 173460
46.07 174048
46.08 175812
46.09 176400
46.1 176988
46.11 178164
46.12 178164
46.13 178164
46.14 179928
46.15 179340
46.16 179928
46.17 181104
46.18 182280
46.19 182280
46.2 182868
46.21 184044
46.22 184632
46.23 185220
46.24 185808
46.25 186396
46.26 186984
46.27 188160
46.28 189336
46.29 189924
46.3 189924
46.31 191688
46.32 191100
46.33 191688
46.34 192276
46.35 193452
46.36 194040
46.37 195216
46.38 195804
46.39 195804
46.4 197568
46.41 196980
46.42 197568
46.43 198744
46.44 199332
46.45 199920
46.46 200508
46.47 201096
46.48 201096
46.49 202272
46.5 201684
46.51 201684
46.52 202860
46.53 203448
46.54 204036
46.55 205212
46.56 205800
46.57 205800
46.58 207564
46.59 206976
46.6 206976
46.61 207564
46.62 207564
46.63 209328
46.64 210504
46.65 211092
46.66 211092
46.67 212856
46.68 212268
46.69 212856
46.7 213444
46.71 214032
46.72 214620
46.73 216384
46.74 216384
46.75 216972
46.76 218736
46.77 218148
46.78 218148
46.79 219324
46.8 219324
46.81 219912
46.82 221088
46.83 221676
46.84 222264
46.85 222852
46.86 223440
46.87 224616
46.88 224616
46.89 225204
46.9 226380
46.91 226968
46.92 226968
46.93 228732
46.94 228144
46.95 229320
46.96 230496
46.97 230496
46.98 230496
46.99 232260
47 232260
47.01 232848
47.02 233436
47.03 233436
47.04 233436
47.05 235200
47.06 235200
47.07 235788
47.08 236964
47.09 236964
47.1 238140
47.11 238728
47.12 239316
47.13 239316
47.14 240492
47.15 239904
47.16 240492
47.17 241668
47.18 241668
47.19 242256
47.2 244020
47.21 244020
47.22 244608
47.23 245196
47.24 245196
47.25 245196
47.26 246372
47.27 246960
47.28 247548
47.29 248724
47.3 249312
47.31 249312
47.32 251076
47.33 250488
47.34 250488
47.35 251076
47.36 251076
47.37 252252
47.38 253428
47.39 254016
47.4 254604
47.41 254016
47.42 255192
47.43 255780
47.44 255780
47.45 255780
47.46 257544
47.47 257544
47.48 257544
47.49 258720
47.5 258132
47.51 258132
47.52 259308
47.53 242844
47.54 232848
47.55 234024
47.56 234024
47.57 234024
47.58 235200
47.59 235200
47.6 224616
47.61 210504
47.62 199332
47.63 199920
47.64 201096
47.65 201684
47.66 202272
47.67 202860
47.68 202860
47.69 203448
47.7 204624
47.71 204624
47.72 204624
47.73 205212
47.74 205800
47.75 206388
47.76 207564
47.77 206976
47.78 207564
47.79 208740
47.8 209328
47.81 209328
47.82 209916
47.83 210504
47.84 211680
47.85 212856
47.86 212268
47.87 212856
47.88 214032
47.89 214620
47.9 214620
47.91 215208
47.92 214620
47.93 200508
47.94 201684
47.95 195216
47.96 191100
47.97 192276
47.98 192276
47.99 192864
48 193452
48.01 188748
48.02 189924
48.03 189924
48.04 174636
48.05 175224
48.06 175812
48.07 176400
48.08 177576
48.09 177576
48.1 178164
48.11 179340
48.12 179928
48.13 180516
48.14 181104
48.15 181104
48.16 181692
48.17 182868
48.18 182868
48.19 184044
48.2 184632
48.21 185220
48.22 185220
48.23 185808
48.24 186396
48.25 186984
48.26 188160
48.27 188160
48.28 188748
48.29 189336
48.3 189336
48.31 185808
48.32 182280
48.33 182280
48.34 182868
48.35 184044
48.36 184044
48.37 185220
48.38 186396
48.39 180516
48.4 180516
48.41 181104
48.42 181104
48.43 181104
48.44 182280
48.45 182868
48.46 183456
48.47 185220
48.48 185220
48.49 185808
48.5 186984
48.51 186984
48.52 186984
48.53 188160
48.54 184044
48.55 184632
48.56 186396
48.57 158172
48.58 151704
48.59 145236
48.6 135828
48.61 121128
48.62 122892
48.63 123480
48.64 124068
48.65 125244
48.66 125832
48.67 127008
48.68 126420
48.69 128184
48.7 129360
48.71 129360
48.72 130536
48.73 132300
48.74 131712
48.75 131712
48.76 133476
48.77 132888
48.78 133476
48.79 134652
48.8 135240
48.81 136416
48.82 137004
48.83 136416
48.84 138768
48.85 139356
48.86 139356
48.87 139944
48.88 141708
48.89 142296
48.9 142296
48.91 142884
48.92 144060
48.93 144060
48.94 145236
48.95 145236
48.96 146412
48.97 148176
48.98 147588
48.99 148176
49 150528
49.01 149940
49.02 150528
49.03 151704
49.04 151704
49.05 152292
49.06 152880
49.07 152880
49.08 154056
49.09 155232
49.1 155820
49.11 155820
49.12 158172
49.13 158172
49.14 158172
49.15 159348
49.16 159936
49.17 160524
49.18 161700
49.19 161112
49.2 162876
49.21 163464
49.22 163464
49.23 164052
49.24 164640
49.25 165228
49.26 166992
49.27 166404
49.28 166992
49.29 168756
49.3 169344
49.31 169344
49.32 171108
49.33 171108
49.34 171696
49.35 172872
49.36 172872
49.37 173460
49.38 174636
49.39 174636
49.4 175224
49.41 176988
49.42 176988
49.43 177576
49.44 178752
49.45 178752
49.46 179340
49.47 181104
49.48 181104
49.49 181692
49.5 182868
49.51 182868
49.52 183456
49.53 185220
49.54 184632
49.55 185220
49.56 185808
49.57 186396
49.58 187572
49.59 188160
49.6 188748
49.61 189924
49.62 191100
49.63 190512
49.64 191100
49.65 191688
49.66 192864
49.67 193452
49.68 194040
49.69 194040
49.7 195216
49.71 196392
49.72 195804
49.73 195804
49.74 196392
49.75 196980
49.76 196980
49.77 198156
49.78 198156
49.79 198744
49.8 200508
49.81 200508
49.82 201096
49.83 202272
49.84 202860
49.85 202860
49.86 203448
49.87 204036
49.88 205212
49.89 205800
49.9 205800
49.91 206388
49.92 207564
49.93 208152
49.94 209328
49.95 209328
49.96 209916
49.97 210504
49.98 211092
49.99 211092
